1 100000000 3.141608 4.032262 2
1 200000000 3.141483 8.068187 2
1 300000000 3.141608 12.101275 2
1 400000000 3.141596 16.134037 2
1 500000000 3.141698 20.169519 2
1 600000000 3.141657 24.196526 2
1 700000000 3.141577 28.229612 2
1 800000000 3.141725 32.145928 2
1 900000000 3.141716 36.301785 2
1 1000000000 3.141556 40.333088 2
2 100000000 3.141712 2.021171 2
2 200000000 3.141576 4.041815 2
2 300000000 3.141513 7.990817 2
2 400000000 3.141631 8.072476 2
2 500000000 3.141586 10.087972 2
2 600000000 3.141477 12.109288 2
2 700000000 3.141576 14.121157 2
2 800000000 3.141731 16.144014 2
2 900000000 3.141552 18.165101 2
2 1000000000 3.141575 20.267708 2
3 100000000 3.141523 1.346572 2
3 200000000 3.141693 2.690544 2
3 300000000 3.141600 4.035509 2
3 400000000 3.141606 5.381751 2
3 500000000 3.141663 6.727545 2
3 600000000 3.141582 8.105854 2
3 700000000 3.141543 9.419384 2
3 800000000 3.141574 10.775457 2
3 900000000 3.141610 12.113856 2
3 1000000000 3.141584 13.460501 2
4 100000000 3.141609 1.010100 2
4 200000000 3.141477 2.020211 2
4 300000000 3.141538 3.028912 2
4 400000000 3.141520 4.040972 2
4 500000000 3.141669 5.051883 2
4 600000000 3.141652 6.060877 2
4 700000000 3.141564 7.070192 2
4 800000000 3.141544 8.078851 2
4 900000000 3.141594 9.083097 2
4 1000000000 3.141607 10.095531 2
5 100000000 3.141659 0.808839 2
5 200000000 3.141462 1.622050 2
5 300000000 3.141494 2.423094 2
5 400000000 3.141614 3.230653 2
5 500000000 3.141611 4.997014 2
5 600000000 3.141698 4.850357 2
5 700000000 3.141740 5.656587 2
5 800000000 3.141534 6.485973 2
5 900000000 3.141624 7.269788 2
5 1000000000 3.141536 8.106547 2
6 100000000 3.141672 0.673658 2
6 200000000 3.141756 1.368944 2
6 300000000 3.141616 2.611215 2
6 400000000 3.141585 2.692366 2
6 500000000 3.141557 3.366450 2
6 600000000 3.141642 4.036650 2
6 700000000 3.141644 4.708510 2
6 800000000 3.141734 5.380812 2
6 900000000 3.141528 6.371256 2
6 1000000000 3.141590 6.725018 2
7 100000000 3.141821 0.577498 2
7 200000000 3.141799 1.153518 2
7 300000000 3.141399 1.730428 2
7 400000000 3.141561 2.307276 2
7 500000000 3.141618 2.883016 2
7 600000000 3.141485 3.460371 2
7 700000000 3.141606 4.036549 2
7 800000000 3.141556 4.613143 2
7 900000000 3.141609 5.189911 2
7 1000000000 3.141586 5.765648 2
8 100000000 3.141786 0.505661 2
8 200000000 3.141457 1.052856 2
8 300000000 3.141752 1.514734 2
8 400000000 3.141637 2.018791 2
8 500000000 3.141575 2.743346 2
8 600000000 3.141563 3.028184 2
8 700000000 3.141631 3.533963 2
8 800000000 3.141599 4.038438 2
8 900000000 3.141540 4.555037 2
8 1000000000 3.141573 5.048249 2
9 100000000 3.141560 0.449417 2
9 200000000 3.141796 0.897908 2
9 300000000 3.141595 1.346990 2
9 400000000 3.141602 1.795501 2
9 500000000 3.141517 2.438731 2
9 600000000 3.141680 2.703924 2
9 700000000 3.141653 3.140836 2
9 800000000 3.141561 3.589146 2
9 900000000 3.141587 4.052584 2
9 1000000000 3.141640 4.487629 2
10 100000000 3.141506 0.416781 2
10 200000000 3.141648 0.808480 2
10 300000000 3.141727 1.500018 2
10 400000000 3.141540 1.619093 2
10 500000000 3.141457 2.021215 2
10 600000000 3.141640 2.423116 2
10 700000000 3.141665 3.275426 2
10 800000000 3.141557 3.231692 2
10 900000000 3.141652 3.645088 2
10 1000000000 3.141514 4.040070 2
11 100000000 3.141387 0.379369 2
11 200000000 3.141540 0.735721 2
11 300000000 3.141521 1.103890 2
11 400000000 3.141626 1.937259 2
11 500000000 3.141601 1.914296 2
11 600000000 3.141555 2.208727 2
11 700000000 3.141523 3.325584 2
11 800000000 3.141606 3.062639 2
11 900000000 3.141563 3.359756 2
11 1000000000 3.141601 3.685739 2
12 100000000 3.141503 0.444023 2
12 200000000 3.141497 0.673932 2
12 300000000 3.141681 1.015622 2
12 400000000 3.141645 1.355104 2
12 500000000 3.141583 2.089198 2
12 600000000 3.141585 2.020899 2
12 700000000 3.141586 2.357728 2
12 800000000 3.141645 2.702577 2
12 900000000 3.141542 3.295095 2
12 1000000000 3.141601 3.379794 2
13 100000000 3.141575 0.318709 2
13 200000000 3.141573 0.635180 2
13 300000000 3.141572 0.933700 2
13 400000000 3.141509 1.640082 2
13 500000000 3.141678 1.555050 2
13 600000000 3.141561 1.877272 2
13 700000000 3.141717 2.176465 2
13 800000000 3.141610 2.490326 2
13 900000000 3.141598 3.618863 2
13 1000000000 3.141507 3.241008 2
14 100000000 3.141379 0.300859 2
14 200000000 3.141544 0.595686 2
14 300000000 3.141539 0.867482 2
14 400000000 3.141493 1.169344 2
14 500000000 3.141686 1.445396 2
14 600000000 3.141552 2.146844 2
14 700000000 3.141637 2.038458 2
14 800000000 3.141587 2.321224 2
14 900000000 3.141532 3.013376 2
14 1000000000 3.141597 2.892624 2
15 100000000 3.141338 0.272379 2
15 200000000 3.141525 0.552019 2
15 300000000 3.141649 0.822146 2
15 400000000 3.141671 1.128071 2
15 500000000 3.141726 1.364913 2
15 600000000 3.141579 1.627451 2
15 700000000 3.141582 1.887509 2
15 800000000 3.141691 2.193565 2
15 900000000 3.141678 2.447007 2
15 1000000000 3.141639 2.724949 2
16 100000000 3.141270 0.271009 2
16 200000000 3.141584 0.517069 2
16 300000000 3.141672 0.789166 2
16 400000000 3.141546 1.035103 2
16 500000000 3.141593 1.315972 2
16 600000000 3.141548 1.546682 2
16 700000000 3.141612 1.791936 2
16 800000000 3.141705 2.035616 2
16 900000000 3.141548 2.276522 2
16 1000000000 3.141450 2.632802 2
17 100000000 3.141625 0.333792 2
17 200000000 3.141632 0.597779 2
17 300000000 3.141542 0.730187 2
17 400000000 3.141660 1.029523 2
17 500000000 3.141580 1.294978 2
17 600000000 3.141543 1.541248 2
17 700000000 3.141619 1.724658 2
17 800000000 3.141566 2.504825 2
17 900000000 3.141640 2.262143 2
17 1000000000 3.141610 2.408774 2
18 100000000 3.141716 0.313900 2
18 200000000 3.141576 0.528497 2
18 300000000 3.141656 0.894181 2
18 400000000 3.141652 1.168824 2
18 500000000 3.141657 1.563810 2
18 600000000 3.141646 1.375323 2
18 700000000 3.141629 1.637585 2
18 800000000 3.141635 1.951299 2
18 900000000 3.141595 2.662879 2
18 1000000000 3.141501 2.958005 2
19 100000000 3.141468 0.231406 2
19 200000000 3.141323 0.534967 2
19 300000000 3.141461 0.665005 2
19 400000000 3.141641 0.886782 2
19 500000000 3.141534 1.081835 2
19 600000000 3.141616 1.293988 2
19 700000000 3.141521 1.506478 2
19 800000000 3.141609 2.382433 2
19 900000000 3.141605 2.206342 2
19 1000000000 3.141560 2.242205 2
20 100000000 3.141802 0.221334 2
20 200000000 3.141537 0.421579 2
20 300000000 3.141544 0.631962 2
20 400000000 3.141640 0.826962 2
20 500000000 3.141471 1.040106 2
20 600000000 3.141475 1.256950 2
20 700000000 3.141645 1.432002 2
20 800000000 3.141588 1.755027 2
20 900000000 3.141456 1.937213 2
20 1000000000 3.141645 2.135220 2
21 100000000 3.141527 0.248928 2
21 200000000 3.141515 0.431839 2
21 300000000 3.141799 0.762503 2
21 400000000 3.141643 0.794671 2
21 500000000 3.141731 1.069194 2
21 600000000 3.141643 1.533247 2
21 700000000 3.141606 1.454078 2
21 800000000 3.141567 1.635709 2
21 900000000 3.141577 2.151465 2
21 1000000000 3.141640 2.103149 2
22 100000000 3.141594 0.232404 2
22 200000000 3.141714 0.498094 2
22 300000000 3.141701 0.610604 2
22 400000000 3.141532 0.917607 2
22 500000000 3.141544 0.970294 2
22 600000000 3.141514 1.366838 2
22 700000000 3.141661 1.330385 2
22 800000000 3.141538 1.484809 2
22 900000000 3.141604 1.723194 2
22 1000000000 3.141644 1.855095 2
23 100000000 3.141417 0.203529 2
23 200000000 3.141703 0.412020 2
23 300000000 3.141747 0.552592 2
23 400000000 3.141552 0.869624 2
23 500000000 3.141562 0.898555 2
23 600000000 3.141601 1.102586 2
23 700000000 3.141685 1.522808 2
23 800000000 3.141660 1.852194 2
23 900000000 3.141479 2.034946 2
23 1000000000 3.141548 2.316379 2
24 100000000 3.141613 0.190420 2
24 200000000 3.141588 0.352786 2
24 300000000 3.141704 0.526463 2
24 400000000 3.141620 0.700117 2
24 500000000 3.141553 1.126740 2
24 600000000 3.141607 1.348861 2
24 700000000 3.141667 1.372058 2
24 800000000 3.141688 1.775793 2
24 900000000 3.141666 1.596771 2
24 1000000000 3.141505 1.790350 2
25 100000000 3.141649 0.188983 2
25 200000000 3.141535 0.366767 2
25 300000000 3.141577 0.540744 2
25 400000000 3.141561 0.748969 2
25 500000000 3.141662 0.871920 2
25 600000000 3.141462 1.040294 2
25 700000000 3.141687 1.187101 2
25 800000000 3.141590 1.674728 2
25 900000000 3.141595 1.516639 2
25 1000000000 3.141629 1.883076 2
26 100000000 3.141288 0.212262 2
26 200000000 3.141475 0.328255 2
26 300000000 3.141583 0.556016 2
26 400000000 3.141592 0.786036 2
26 500000000 3.141642 0.817847 2
26 600000000 3.141550 0.987713 2
26 700000000 3.141512 1.149892 2
26 800000000 3.141605 1.446443 2
26 900000000 3.141696 1.422560 2
26 1000000000 3.141569 1.924591 2
27 100000000 3.141615 0.191782 2
27 200000000 3.141638 0.349032 2
27 300000000 3.141582 0.599949 2
27 400000000 3.141703 0.805656 2
27 500000000 3.141583 0.780453 2
27 600000000 3.141588 1.056984 2
27 700000000 3.141623 1.301944 2
27 800000000 3.141572 1.256783 2
27 900000000 3.141561 1.667450 2
27 1000000000 3.141523 1.520789 2
28 100000000 3.141535 0.170773 2
28 200000000 3.141624 0.338743 2
28 300000000 3.141737 0.576302 2
28 400000000 3.141598 0.675118 2
28 500000000 3.141745 0.838421 2
28 600000000 3.141606 0.951835 2
28 700000000 3.141594 1.029618 2
28 800000000 3.141577 1.441137 2
28 900000000 3.141653 1.518134 2
28 1000000000 3.141582 1.503999 2
29 100000000 3.141702 0.178502 2
29 200000000 3.141774 0.304908 2
29 300000000 3.141544 0.468127 2
29 400000000 3.141592 0.616792 2
29 500000000 3.141747 0.941432 2
29 600000000 3.141497 0.882159 2
29 700000000 3.141614 1.009561 2
29 800000000 3.141490 1.154367 2
29 900000000 3.141571 1.622265 2
29 1000000000 3.141538 1.470878 2
30 100000000 3.141443 0.244456 2
30 200000000 3.141667 0.375094 2
30 300000000 3.141498 0.509298 2
30 400000000 3.141511 0.579762 2
30 500000000 3.141544 0.690891 2
30 600000000 3.141619 0.860279 2
30 700000000 3.141622 1.268425 2
30 800000000 3.141505 1.333412 2
30 900000000 3.141695 1.249145 2
30 1000000000 3.141613 1.540518 2
31 100000000 3.141415 0.190062 2
31 200000000 3.141462 0.294931 2
31 300000000 3.141606 0.490336 2
31 400000000 3.141743 0.653420 2
31 500000000 3.141604 0.705677 2
31 600000000 3.141543 0.993495 2
31 700000000 3.141671 1.017151 2
31 800000000 3.141584 1.374088 2
31 900000000 3.141542 1.451272 2
31 1000000000 3.141609 1.391064 2
32 100000000 3.141492 0.193444 2
32 200000000 3.141651 0.351972 2
32 300000000 3.141492 0.508427 2
32 400000000 3.141517 0.557053 2
32 500000000 3.141606 0.832044 2
32 600000000 3.141561 0.860947 2
32 700000000 3.141648 1.180607 2
32 800000000 3.141545 1.306866 2
32 900000000 3.141614 1.316353 2
32 1000000000 3.141567 1.562271 2
