1 100000000 3.154200 3.987815 3
1 200000000 3.148800 7.970978 3
1 300000000 3.134320 11.955631 3
1 400000000 3.134640 15.939438 3
1 500000000 3.144464 19.925363 3
1 600000000 3.139567 23.909133 3
1 700000000 3.139383 27.893864 3
1 800000000 3.147135 31.876794 3
1 900000000 3.142942 35.859675 3
1 1000000000 3.142088 39.846816 3
2 100000000 3.158400 1.995542 3
2 200000000 3.142120 3.990729 3
2 300000000 3.153227 5.985340 3
2 400000000 3.135930 7.986470 3
2 500000000 3.135064 9.968783 3
2 600000000 3.139733 11.978643 3
2 700000000 3.145491 13.970351 3
2 800000000 3.140425 15.959429 3
2 900000000 3.146342 17.951746 3
2 1000000000 3.144712 19.944652 3
3 100000000 3.137440 1.329454 3
3 200000000 3.144020 2.658540 3
3 300000000 3.147600 3.987214 3
3 400000000 3.136400 5.316949 3
3 500000000 3.147624 6.643965 3
3 600000000 3.143773 7.972974 3
3 700000000 3.129011 12.310089 3
3 800000000 3.140925 10.631135 3
3 900000000 3.137938 11.963594 3
3 1000000000 3.144148 13.290645 3
4 100000000 3.143920 0.998047 3
4 200000000 3.135580 1.993533 3
4 300000000 3.149920 2.989585 3
4 400000000 3.134910 3.986870 3
4 500000000 3.140968 4.982949 3
4 600000000 3.143747 5.980650 3
4 700000000 3.139274 6.978982 3
4 800000000 3.136045 7.974182 3
4 900000000 3.138044 8.970514 3
4 1000000000 3.144728 9.969674 3
5 100000000 3.136280 0.797870 3
5 200000000 3.151660 1.596078 3
5 300000000 3.134853 2.393028 3
5 400000000 3.140710 3.190013 3
5 500000000 3.141472 3.991142 3
5 600000000 3.139473 4.785416 3
5 700000000 3.149543 5.582149 3
5 800000000 3.147940 6.379973 3
5 900000000 3.139249 7.179009 3
5 1000000000 3.138908 7.974031 3
6 100000000 3.126360 0.665806 3
6 200000000 3.132580 1.330108 3
6 300000000 3.141360 2.009040 3
6 400000000 3.132010 2.659259 3
6 500000000 3.147400 4.370780 3
6 600000000 3.137280 3.987249 3
6 700000000 3.135703 5.865258 3
6 800000000 3.140305 5.316979 3
6 900000000 3.138289 5.987447 3
6 1000000000 3.143792 6.645354 3
7 100000000 3.144840 0.570717 3
7 200000000 3.139540 1.140458 3
7 300000000 3.139387 1.999877 3
7 400000000 3.137830 2.279019 3
7 500000000 3.137856 2.849422 3
7 600000000 3.137167 3.753404 3
7 700000000 3.138703 3.988050 3
7 800000000 3.138795 4.556232 3
7 900000000 3.147796 5.127296 3
7 1000000000 3.144248 5.696518 3
8 100000000 3.134960 0.660033 3
8 200000000 3.143000 0.997794 3
8 300000000 3.154880 1.507816 3
8 400000000 3.139860 1.994694 3
8 500000000 3.131040 2.738905 3
8 600000000 3.141407 2.991144 3
8 700000000 3.138691 3.489060 3
8 800000000 3.139835 3.987857 3
8 900000000 3.146858 5.941377 3
8 1000000000 3.144124 4.993586 3
9 100000000 3.155800 0.443490 3
9 200000000 3.145400 1.117380 3
9 300000000 3.147880 1.329844 3
9 400000000 3.134400 1.773238 3
9 500000000 3.138896 2.592010 3
9 600000000 3.141813 2.658978 3
9 700000000 3.146309 3.102412 3
9 800000000 3.134170 3.545091 3
9 900000000 3.140964 4.667678 3
9 1000000000 3.137588 4.471204 3
10 100000000 3.151440 0.399789 3
10 200000000 3.154100 0.799536 3
10 300000000 3.149373 1.196593 3
10 400000000 3.137890 1.595473 3
10 500000000 3.134176 1.994461 3
10 600000000 3.138307 2.393213 3
10 700000000 3.143691 2.791487 3
10 800000000 3.137525 3.201836 3
10 900000000 3.141996 3.589626 3
10 1000000000 3.136292 3.987623 3
11 100000000 3.113680 0.370364 3
11 200000000 3.139560 0.725739 3
11 300000000 3.148360 1.088624 3
11 400000000 3.145730 1.450791 3
11 500000000 3.140032 1.813512 3
11 600000000 3.141667 2.187814 3
11 700000000 3.144463 2.538229 3
11 800000000 3.140155 2.911593 3
11 900000000 3.137787 3.274581 3
11 1000000000 3.137684 3.689578 3
12 100000000 3.144080 0.334051 3
12 200000000 3.141620 0.680666 3
12 300000000 3.137707 1.005388 3
12 400000000 3.132060 1.339246 3
12 500000000 3.144552 2.193390 3
12 600000000 3.138513 2.006109 3
12 700000000 3.139000 2.326751 3
12 800000000 3.145975 2.659016 3
12 900000000 3.143867 3.003325 3
12 1000000000 3.138008 3.335207 3
13 100000000 3.135240 0.359300 3
13 200000000 3.136180 0.626491 3
13 300000000 3.136333 0.920994 3
13 400000000 3.133800 1.348332 3
13 500000000 3.147640 1.545736 3
13 600000000 3.149060 1.854529 3
13 700000000 3.140943 2.844265 3
13 800000000 3.139795 2.453953 3
13 900000000 3.142938 2.808017 3
13 1000000000 3.142160 3.069359 3
14 100000000 3.151360 0.291634 3
14 200000000 3.141040 0.581857 3
14 300000000 3.145307 1.131600 3
14 400000000 3.132000 1.149527 3
14 500000000 3.150480 1.449523 3
14 600000000 3.131867 1.716806 3
14 700000000 3.141817 2.621421 3
14 800000000 3.140405 2.294727 3
14 900000000 3.133760 2.594350 3
14 1000000000 3.139708 2.852689 3
15 100000000 3.137280 0.278379 3
15 200000000 3.127840 0.536745 3
15 300000000 3.136920 0.815708 3
15 400000000 3.137950 1.075793 3
15 500000000 3.134280 1.748141 3
15 600000000 3.133453 1.601899 3
15 700000000 3.138629 1.870697 3
15 800000000 3.133805 2.137974 3
15 900000000 3.143902 3.016212 3
15 1000000000 3.140532 2.672698 3
16 100000000 3.138320 0.328930 3
16 200000000 3.151000 0.509712 3
16 300000000 3.133533 0.759434 3
16 400000000 3.133360 1.022867 3
16 500000000 3.144216 1.251220 3
16 600000000 3.139727 1.521547 3
16 700000000 3.136554 1.770243 3
16 800000000 3.141785 2.055292 3
16 900000000 3.137053 2.261984 3
16 1000000000 3.140308 2.526459 3
17 100000000 3.134081 0.264570 3
17 200000000 3.148400 0.494968 3
17 300000000 3.143747 0.728916 3
17 400000000 3.141930 1.253175 3
17 500000000 3.142744 1.202165 3
17 600000000 3.141373 1.854731 3
17 700000000 3.144343 1.659148 3
17 800000000 3.145545 2.220945 3
17 900000000 3.141391 2.783338 3
17 1000000000 3.146892 3.103753 3
18 100000000 3.145840 0.237738 3
18 200000000 3.146860 0.461373 3
18 300000000 3.141227 0.730133 3
18 400000000 3.146190 0.905057 3
18 500000000 3.151504 1.397283 3
18 600000000 3.142773 1.345127 3
18 700000000 3.148469 1.564487 3
18 800000000 3.137605 2.331979 3
18 900000000 3.140711 2.653539 3
18 1000000000 3.143244 2.240744 3
19 100000000 3.129041 0.229350 3
19 200000000 3.155180 0.542242 3
19 300000000 3.145053 0.655399 3
19 400000000 3.140080 1.112735 3
19 500000000 3.135752 1.066388 3
19 600000000 3.133000 1.673344 3
19 700000000 3.138497 1.483129 3
19 800000000 3.141335 2.118177 3
19 900000000 3.138071 1.910940 3
19 1000000000 3.137516 2.106640 3
20 100000000 3.159960 0.212477 3
20 200000000 3.135060 0.415789 3
20 300000000 3.139440 0.632974 3
20 400000000 3.155350 0.837543 3
20 500000000 3.135192 1.022012 3
20 600000000 3.149340 1.401493 3
20 700000000 3.143480 1.421871 3
20 800000000 3.142265 1.640321 3
20 900000000 3.138609 1.826491 3
20 1000000000 3.146340 2.012763 3
21 100000000 3.137481 0.224660 3
21 200000000 3.139900 0.407048 3
21 300000000 3.151907 0.588198 3
21 400000000 3.138120 1.024594 3
21 500000000 3.135536 0.982857 3
21 600000000 3.140213 1.462095 3
21 700000000 3.147846 1.360235 3
21 800000000 3.140405 1.563628 3
21 900000000 3.147320 2.276652 3
21 1000000000 3.139128 1.933095 3
22 100000000 3.148760 0.200892 3
22 200000000 3.133060 0.469904 3
22 300000000 3.141720 0.563298 3
22 400000000 3.125630 0.747823 3
22 500000000 3.140344 0.926859 3
22 600000000 3.145333 1.430794 3
22 700000000 3.145383 1.279050 3
22 800000000 3.143610 1.470847 3
22 900000000 3.143316 2.168871 3
22 1000000000 3.133220 2.121037 3
23 100000000 3.128880 0.240928 3
23 200000000 3.150840 0.478094 3
23 300000000 3.138627 0.656041 3
23 400000000 3.139470 0.791818 3
23 500000000 3.143248 1.015039 3
23 600000000 3.140040 1.086899 3
23 700000000 3.136309 1.258887 3
23 800000000 3.140245 1.430914 3
23 900000000 3.133191 1.583849 3
23 1000000000 3.141224 1.754787 3
24 100000000 3.126281 0.184524 3
24 200000000 3.148640 0.379923 3
24 300000000 3.144040 0.539856 3
24 400000000 3.148510 0.685253 3
24 500000000 3.136992 0.862861 3
24 600000000 3.141693 1.018080 3
24 700000000 3.137006 1.466496 3
24 800000000 3.135540 1.354900 3
24 900000000 3.143631 1.967112 3
24 1000000000 3.146704 2.218874 3
25 100000000 3.131080 0.209916 3
25 200000000 3.153940 0.350377 3
25 300000000 3.144240 0.515173 3
25 400000000 3.143950 0.700384 3
25 500000000 3.141864 1.066545 3
25 600000000 3.147347 1.001476 3
25 700000000 3.143811 1.164891 3
25 800000000 3.143150 1.494241 3
25 900000000 3.143787 1.461411 3
25 1000000000 3.136544 1.631935 3
26 100000000 3.156641 0.202444 3
26 200000000 3.134360 0.326269 3
26 300000000 3.146547 0.480037 3
26 400000000 3.150860 0.806601 3
26 500000000 3.137592 0.806195 3
26 600000000 3.141373 1.079732 3
26 700000000 3.142617 1.422172 3
26 800000000 3.140195 1.274548 3
26 900000000 3.137373 1.391263 3
26 1000000000 3.143388 2.030966 3
27 100000000 3.145161 0.192291 3
27 200000000 3.141040 0.314216 3
27 300000000 3.140653 0.473521 3
27 400000000 3.143970 0.615580 3
27 500000000 3.151240 0.882371 3
27 600000000 3.147293 0.927834 3
27 700000000 3.147103 1.123480 3
27 800000000 3.139360 1.223948 3
27 900000000 3.141298 1.351978 3
27 1000000000 3.137376 1.862546 3
28 100000000 3.130881 0.192348 3
28 200000000 3.135540 0.331887 3
28 300000000 3.148254 0.590688 3
28 400000000 3.136170 0.605726 3
28 500000000 3.148464 0.930480 3
28 600000000 3.139253 0.887074 3
28 700000000 3.147069 1.258450 3
28 800000000 3.141260 1.181945 3
28 900000000 3.138529 1.705969 3
28 1000000000 3.134424 1.473573 3
29 100000000 3.128801 0.178770 3
29 200000000 3.138780 0.365771 3
29 300000000 3.135294 0.550228 3
29 400000000 3.147340 0.593421 3
29 500000000 3.133600 0.867249 3
29 600000000 3.140253 0.907400 3
29 700000000 3.136766 1.279272 3
29 800000000 3.144825 1.144098 3
29 900000000 3.142556 1.564974 3
29 1000000000 3.142220 1.407047 3
30 100000000 3.154040 0.216485 3
30 200000000 3.153020 0.352148 3
30 300000000 3.126960 0.430572 3
30 400000000 3.142400 0.596375 3
30 500000000 3.139376 0.683218 3
30 600000000 3.141960 0.971582 3
30 700000000 3.140257 0.960865 3
30 800000000 3.142350 1.096486 3
30 900000000 3.142413 1.245038 3
30 1000000000 3.137744 1.367064 3
31 100000000 3.126840 0.169852 3
31 200000000 3.145820 0.315743 3
31 300000000 3.134253 0.430568 3
31 400000000 3.148490 0.679488 3
31 500000000 3.141856 0.680251 3
31 600000000 3.142467 0.921469 3
31 700000000 3.145040 1.008798 3
31 800000000 3.135250 1.225300 3
31 900000000 3.131240 1.197802 3
31 1000000000 3.138236 1.514519 3
32 100000000 3.129560 0.168584 3
32 200000000 3.154580 0.291795 3
32 300000000 3.143253 0.484133 3
32 400000000 3.152210 0.562412 3
32 500000000 3.141480 0.785659 3
32 600000000 3.147153 0.821642 3
32 700000000 3.141040 1.008497 3
32 800000000 3.140655 1.340715 3
32 900000000 3.143049 1.503438 3
32 1000000000 3.144040 1.650226 3
