1 100000000 3.142130 3.983007 7
1 200000000 3.142130 7.964957 7
1 300000000 3.142127 11.943564 7
1 400000000 3.142131 15.923897 7
1 500000000 3.142129 19.906776 7
1 600000000 3.142130 23.886317 7
1 700000000 3.142128 27.874413 7
1 800000000 3.142130 31.866325 7
1 900000000 3.142129 35.829383 7
1 1000000000 3.142129 39.825416 7
2 100000000 3.142132 1.993139 7
2 200000000 3.142131 3.985352 7
2 300000000 3.142129 5.976939 7
2 400000000 3.142129 7.968194 7
2 500000000 3.142131 9.961899 7
2 600000000 3.142131 11.950570 7
2 700000000 3.142129 18.091399 7
2 800000000 3.142128 15.947287 7
2 900000000 3.142128 17.926877 7
2 1000000000 3.142130 19.924625 7
3 100000000 3.142132 1.328675 7
3 200000000 3.142128 2.655347 7
3 300000000 3.142126 3.982845 7
3 400000000 3.142129 5.311433 7
3 500000000 3.142130 6.639093 7
3 600000000 3.142129 7.962723 7
3 700000000 3.142129 9.289732 7
3 800000000 3.142130 10.620877 7
3 900000000 3.142129 11.943216 7
3 1000000000 3.142129 13.274250 7
4 100000000 3.142129 0.996600 7
4 200000000 3.142130 1.992360 7
4 300000000 3.142132 2.989752 7
4 400000000 3.142129 3.985892 7
4 500000000 3.142130 4.981068 7
4 600000000 3.142128 5.981303 7
4 700000000 3.142129 6.969677 7
4 800000000 3.142129 7.963541 7
4 900000000 3.142130 8.971138 7
4 1000000000 3.142130 9.964860 7
5 100000000 3.142129 0.798172 7
5 200000000 3.142133 1.622056 7
5 300000000 3.142126 2.390989 7
5 400000000 3.142129 3.188084 7
5 500000000 3.142131 3.983618 7
5 600000000 3.142131 4.781462 7
5 700000000 3.142131 6.130187 7
5 800000000 3.142130 6.374679 7
5 900000000 3.142129 8.405221 7
5 1000000000 3.142129 10.616582 7
6 100000000 3.142131 0.664838 7
6 200000000 3.142128 1.328815 7
6 300000000 3.142129 1.992387 7
6 400000000 3.142129 2.656355 7
6 500000000 3.142127 3.320438 7
6 600000000 3.142130 3.986234 7
6 700000000 3.142129 4.649768 7
6 800000000 3.142130 6.604940 7
6 900000000 3.142129 5.976898 7
6 1000000000 3.142129 6.638544 7
7 100000000 3.142124 0.707761 7
7 200000000 3.142132 1.516670 7
7 300000000 3.142130 1.708761 7
7 400000000 3.142132 2.278070 7
7 500000000 3.142128 2.846016 7
7 600000000 3.142129 3.416691 7
7 700000000 3.142129 3.985990 7
7 800000000 3.142130 4.553444 7
7 900000000 3.142130 6.822532 7
7 1000000000 3.142129 5.688719 7
8 100000000 3.142131 0.619394 7
8 200000000 3.142127 0.996539 7
8 300000000 3.142128 1.494472 7
8 400000000 3.142129 1.991811 7
8 500000000 3.142130 2.490371 7
8 600000000 3.142131 2.987979 7
8 700000000 3.142130 3.485010 7
8 800000000 3.142130 3.982232 7
8 900000000 3.142130 4.478673 7
8 1000000000 3.142129 4.980230 7
9 100000000 3.142131 0.452513 7
9 200000000 3.142130 0.886802 7
9 300000000 3.142130 1.329209 7
9 400000000 3.142129 1.775264 7
9 500000000 3.142128 2.214476 7
9 600000000 3.142129 2.656397 7
9 700000000 3.142129 3.100701 7
9 800000000 3.142129 3.891968 7
9 900000000 3.142127 4.000658 7
9 1000000000 3.142130 4.430077 7
10 100000000 3.142128 0.411266 7
10 200000000 3.142128 0.798136 7
10 300000000 3.142131 1.488143 7
10 400000000 3.142131 1.596195 7
10 500000000 3.142131 2.000016 7
10 600000000 3.142130 2.392530 7
10 700000000 3.142129 2.802510 7
10 800000000 3.142131 3.191058 7
10 900000000 3.142129 3.589051 7
10 1000000000 3.142129 4.055469 7
11 100000000 3.142126 0.363381 7
11 200000000 3.142126 0.725754 7
11 300000000 3.142130 1.099633 7
11 400000000 3.142130 1.450372 7
11 500000000 3.142129 2.421242 7
11 600000000 3.142128 2.186737 7
11 700000000 3.142130 3.290031 7
11 800000000 3.142131 2.903063 7
11 900000000 3.142129 3.262012 7
11 1000000000 3.142129 3.626858 7
12 100000000 3.142131 0.333013 7
12 200000000 3.142131 0.665107 7
12 300000000 3.142129 0.996626 7
12 400000000 3.142129 1.339984 7
12 500000000 3.142130 1.661211 7
12 600000000 3.142130 2.581310 7
12 700000000 3.142128 2.330210 7
12 800000000 3.142130 2.656187 7
12 900000000 3.142129 2.992589 7
12 1000000000 3.142129 3.320460 7
13 100000000 3.142127 0.324806 7
13 200000000 3.142132 0.613763 7
13 300000000 3.142131 1.077058 7
13 400000000 3.142131 1.621282 7
13 500000000 3.142131 1.556777 7
13 600000000 3.142129 2.286011 7
13 700000000 3.142130 2.152003 7
13 800000000 3.142129 2.463498 7
13 900000000 3.142130 2.758753 7
13 1000000000 3.142130 3.971668 7
14 100000000 3.142132 0.297014 7
14 200000000 3.142132 0.582069 7
14 300000000 3.142131 0.874178 7
14 400000000 3.142130 1.143824 7
14 500000000 3.142129 1.434906 7
14 600000000 3.142130 1.732200 7
14 700000000 3.142129 2.004026 7
14 800000000 3.142131 2.312936 7
14 900000000 3.142129 2.586582 7
14 1000000000 3.142128 2.857450 7
15 100000000 3.142129 0.266959 7
15 200000000 3.142129 0.532756 7
15 300000000 3.142128 0.822698 7
15 400000000 3.142128 1.258124 7
15 500000000 3.142130 1.663946 7
15 600000000 3.142127 2.065715 7
15 700000000 3.142130 1.885287 7
15 800000000 3.142129 2.138337 7
15 900000000 3.142128 2.408030 7
15 1000000000 3.142130 3.114533 7
16 100000000 3.142132 0.291349 7
16 200000000 3.142127 0.512152 7
16 300000000 3.142131 0.767964 7
16 400000000 3.142130 1.009500 7
16 500000000 3.142126 1.278600 7
16 600000000 3.142129 1.937554 7
16 700000000 3.142128 1.747155 7
16 800000000 3.142129 2.009585 7
16 900000000 3.142129 2.271931 7
16 1000000000 3.142129 2.509179 7
17 100000000 3.142130 0.257335 7
17 200000000 3.142127 0.612403 7
17 300000000 3.142131 0.796547 7
17 400000000 3.142130 1.055655 7
17 500000000 3.142128 1.370217 7
17 600000000 3.142130 1.508912 7
17 700000000 3.142130 1.755354 7
17 800000000 3.142130 2.015336 7
17 900000000 3.142130 2.231102 7
17 1000000000 3.142129 2.749964 7
18 100000000 3.142130 0.282325 7
18 200000000 3.142132 0.451031 7
18 300000000 3.142130 0.689393 7
18 400000000 3.142130 0.932230 7
18 500000000 3.142130 1.474889 7
18 600000000 3.142130 1.346626 7
18 700000000 3.142129 1.650295 7
18 800000000 3.142128 1.789127 7
18 900000000 3.142129 2.085870 7
18 1000000000 3.142129 2.303964 7
19 100000000 3.142133 0.277790 7
19 200000000 3.142130 0.440169 7
19 300000000 3.142130 0.691232 7
19 400000000 3.142130 1.044142 7
19 500000000 3.142129 1.229910 7
19 600000000 3.142127 1.283167 7
19 700000000 3.142131 1.488912 7
19 800000000 3.142130 2.858313 7
19 900000000 3.142130 1.913414 7
19 1000000000 3.142128 2.116654 7
20 100000000 3.142129 0.216589 7
20 200000000 3.142128 0.416737 7
20 300000000 3.142128 0.605602 7
20 400000000 3.142130 0.816674 7
20 500000000 3.142128 1.021551 7
20 600000000 3.142128 1.216877 7
20 700000000 3.142129 1.536268 7
20 800000000 3.142130 1.646967 7
20 900000000 3.142129 1.827755 7
20 1000000000 3.142130 2.055928 7
21 100000000 3.142123 0.221585 7
21 200000000 3.142127 0.470717 7
21 300000000 3.142126 0.590903 7
21 400000000 3.142132 0.778260 7
21 500000000 3.142126 1.196817 7
21 600000000 3.142129 1.174468 7
21 700000000 3.142130 1.355242 7
21 800000000 3.142129 1.889112 7
21 900000000 3.142129 2.137313 7
21 1000000000 3.142131 1.927983 7
22 100000000 3.142128 0.267125 7
22 200000000 3.142130 0.437898 7
22 300000000 3.142127 0.623967 7
22 400000000 3.142129 0.813083 7
22 500000000 3.142130 0.932452 7
22 600000000 3.142129 1.118194 7
22 700000000 3.142130 1.309050 7
22 800000000 3.142130 1.465423 7
22 900000000 3.142129 1.650669 7
22 1000000000 3.142129 1.920542 7
23 100000000 3.142132 0.199157 7
23 200000000 3.142133 0.386423 7
23 300000000 3.142130 0.610574 7
23 400000000 3.142131 0.877317 7
23 500000000 3.142131 0.996208 7
23 600000000 3.142130 1.073259 7
23 700000000 3.142129 1.341931 7
23 800000000 3.142128 1.480950 7
23 900000000 3.142129 1.594833 7
23 1000000000 3.142130 2.397771 7
24 100000000 3.142129 0.186955 7
24 200000000 3.142128 0.357601 7
24 300000000 3.142131 0.562064 7
24 400000000 3.142130 0.778173 7
24 500000000 3.142130 1.076338 7
24 600000000 3.142130 1.014782 7
24 700000000 3.142131 1.187191 7
24 800000000 3.142128 1.568461 7
24 900000000 3.142130 1.657724 7
24 1000000000 3.142129 1.740579 7
25 100000000 3.142129 0.198868 7
25 200000000 3.142130 0.380004 7
25 300000000 3.142129 0.499665 7
25 400000000 3.142129 0.863456 7
25 500000000 3.142131 0.935019 7
25 600000000 3.142130 1.010750 7
25 700000000 3.142129 1.225415 7
25 800000000 3.142129 1.301073 7
25 900000000 3.142129 1.451277 7
25 1000000000 3.142130 2.076880 7
26 100000000 3.142129 0.181030 7
26 200000000 3.142129 0.359406 7
26 300000000 3.142131 0.490504 7
26 400000000 3.142129 0.645862 7
26 500000000 3.142128 0.867518 7
26 600000000 3.142131 1.078408 7
26 700000000 3.142129 1.093166 7
26 800000000 3.142132 1.245004 7
26 900000000 3.142129 1.838226 7
26 1000000000 3.142128 1.563848 7
27 100000000 3.142128 0.187284 7
27 200000000 3.142131 0.335629 7
27 300000000 3.142127 0.462328 7
27 400000000 3.142128 0.653990 7
27 500000000 3.142130 0.809025 7
27 600000000 3.142127 0.903412 7
27 700000000 3.142129 1.075066 7
27 800000000 3.142129 1.201583 7
27 900000000 3.142129 1.396636 7
27 1000000000 3.142129 1.510509 7
28 100000000 3.142133 0.209811 7
28 200000000 3.142129 0.369806 7
28 300000000 3.142131 0.487781 7
28 400000000 3.142129 0.758642 7
28 500000000 3.142131 0.893141 7
28 600000000 3.142129 0.897416 7
28 700000000 3.142131 1.239702 7
28 800000000 3.142129 1.184206 7
28 900000000 3.142130 1.306169 7
28 1000000000 3.142129 1.468846 7
29 100000000 3.142128 0.183457 7
29 200000000 3.142130 0.320619 7
29 300000000 3.142130 0.549688 7
29 400000000 3.142129 0.712494 7
29 500000000 3.142129 0.915576 7
29 600000000 3.142128 0.881364 7
29 700000000 3.142129 0.992087 7
29 800000000 3.142129 1.483896 7
29 900000000 3.142130 1.667457 7
29 1000000000 3.142129 1.404052 7
30 100000000 3.142134 0.204190 7
30 200000000 3.142127 0.329603 7
30 300000000 3.142131 0.540312 7
30 400000000 3.142129 0.576259 7
30 500000000 3.142130 0.796191 7
30 600000000 3.142128 0.856444 7
30 700000000 3.142130 1.196886 7
30 800000000 3.142129 1.091360 7
30 900000000 3.142129 1.224163 7
30 1000000000 3.142129 1.385032 7
31 100000000 3.142129 0.198275 7
31 200000000 3.142131 0.314434 7
31 300000000 3.142128 0.444202 7
31 400000000 3.142131 0.558640 7
31 500000000 3.142129 0.874589 7
31 600000000 3.142129 1.051025 7
31 700000000 3.142130 1.157789 7
31 800000000 3.142129 1.230337 7
31 900000000 3.142130 1.355384 7
31 1000000000 3.142129 1.323786 7
32 100000000 3.142129 0.253493 7
32 200000000 3.142132 0.310882 7
32 300000000 3.142128 0.589615 7
32 400000000 3.142129 0.525165 7
32 500000000 3.142132 0.833805 7
32 600000000 3.142130 0.775671 7
32 700000000 3.142129 0.915608 7
32 800000000 3.142129 1.044607 7
32 900000000 3.142131 1.166589 7
32 1000000000 3.142128 1.303059 7
