1 100000000 3.141593 1.783575 6
1 200000000 3.141593 3.422694 6
1 300000000 3.141593 5.386171 6
1 400000000 3.141593 6.844706 6
1 500000000 3.141593 8.979251 6
1 600000000 3.141593 10.276187 6
1 700000000 3.141593 11.978633 6
1 800000000 3.141593 13.691334 6
1 900000000 3.141593 15.413560 6
1 1000000000 3.141593 17.127614 6
2 100000000 3.141593 0.857963 6
2 200000000 3.141593 1.742154 6
2 300000000 3.141593 2.571265 6
2 400000000 3.141593 3.426104 6
2 500000000 3.141593 4.283047 6
2 600000000 3.141593 5.138724 6
2 700000000 3.141593 6.097177 6
2 800000000 3.141593 6.856035 6
2 900000000 3.141593 7.712817 6
2 1000000000 3.141593 8.562934 6
3 100000000 3.141593 0.571628 6
3 200000000 3.141593 1.142673 6
3 300000000 3.141593 1.712420 6
3 400000000 3.141593 2.856677 6
3 500000000 3.141593 2.946904 6
3 600000000 3.141593 3.457434 6
3 700000000 3.141593 4.191877 6
3 800000000 3.141593 4.568133 6
3 900000000 3.141593 5.135192 6
3 1000000000 3.141593 5.759426 6
4 100000000 3.141593 0.428240 6
4 200000000 3.141593 0.856274 6
4 300000000 3.141593 1.295221 6
4 400000000 3.141593 1.713787 6
4 500000000 3.141593 2.141431 6
4 600000000 3.141593 2.593641 6
4 700000000 3.141593 2.996764 6
4 800000000 3.141593 3.425097 6
4 900000000 3.141593 3.852971 6
4 1000000000 3.141593 4.279588 6
5 100000000 3.141593 0.343641 6
5 200000000 3.141593 0.685590 6
5 300000000 3.141593 1.028589 6
5 400000000 3.141593 1.370051 6
5 500000000 3.141593 1.712705 6
5 600000000 3.141593 2.055164 6
5 700000000 3.141593 2.397882 6
5 800000000 3.141593 2.991108 6
5 900000000 3.141593 3.082513 6
5 1000000000 3.141593 3.424437 6
6 100000000 3.141593 0.286260 6
6 200000000 3.141593 0.575887 6
6 300000000 3.141593 0.856786 6
6 400000000 3.141593 1.142400 6
6 500000000 3.141593 1.426842 6
6 600000000 3.141593 1.712850 6
6 700000000 3.141593 1.999190 6
6 800000000 3.141593 2.289406 6
6 900000000 3.141593 2.568360 6
6 1000000000 3.141593 2.854883 6
7 100000000 3.141593 0.245530 6
7 200000000 3.141593 0.503615 6
7 300000000 3.141593 0.753407 6
7 400000000 3.141593 1.003599 6
7 500000000 3.141593 1.250177 6
7 600000000 3.141593 1.603433 6
7 700000000 3.141593 1.713105 6
7 800000000 3.141593 1.957741 6
7 900000000 3.141593 2.203988 6
7 1000000000 3.141593 2.468792 6
8 100000000 3.141593 0.234128 6
8 200000000 3.141593 0.439642 6
8 300000000 3.141593 0.663112 6
8 400000000 3.141593 0.857358 6
8 500000000 3.141593 1.070681 6
8 600000000 3.141593 1.284516 6
8 700000000 3.141593 1.571783 6
8 800000000 3.141593 1.713322 6
8 900000000 3.141593 2.026052 6
8 1000000000 3.141593 2.201247 6
9 100000000 3.141593 0.195055 6
9 200000000 3.141593 0.380866 6
9 300000000 3.141593 0.596203 6
9 400000000 3.141593 0.778526 6
9 500000000 3.141593 0.954306 6
9 600000000 3.141593 1.154231 6
9 700000000 3.141593 1.397762 6
9 800000000 3.141593 1.563226 6
9 900000000 3.141593 1.717033 6
9 1000000000 3.141593 1.944560 6
10 100000000 3.141593 0.182361 6
10 200000000 3.141593 0.359594 6
10 300000000 3.141593 0.526243 6
10 400000000 3.141593 0.686313 6
10 500000000 3.141593 0.857084 6
10 600000000 3.141593 1.028967 6
10 700000000 3.141593 1.248624 6
10 800000000 3.141593 1.371214 6
10 900000000 3.141593 1.547291 6
10 1000000000 3.141593 1.713942 6
11 100000000 3.141593 0.168778 6
11 200000000 3.141593 0.312684 6
11 300000000 3.141593 0.468379 6
11 400000000 3.141593 0.638626 6
11 500000000 3.141593 0.786372 6
11 600000000 3.141593 0.964867 6
11 700000000 3.141593 1.101960 6
11 800000000 3.141593 1.247684 6
11 900000000 3.141593 1.415452 6
11 1000000000 3.141593 1.617506 6
12 100000000 3.141593 0.155014 6
12 200000000 3.141593 0.298764 6
12 300000000 3.141593 0.441250 6
12 400000000 3.141593 0.572045 6
12 500000000 3.141593 0.717519 6
12 600000000 3.141593 0.864793 6
12 700000000 3.141593 1.011449 6
12 800000000 3.141593 1.193492 6
12 900000000 3.141593 1.326933 6
12 1000000000 3.141593 1.497837 6
13 100000000 3.141593 0.141592 6
13 200000000 3.141593 0.281572 6
13 300000000 3.141593 0.407429 6
13 400000000 3.141593 0.549924 6
13 500000000 3.141593 0.704109 6
13 600000000 3.141593 0.801827 6
13 700000000 3.141593 1.007339 6
13 800000000 3.141593 1.055666 6
13 900000000 3.141593 1.188681 6
13 1000000000 3.141593 1.319241 6
14 100000000 3.141593 0.141378 6
14 200000000 3.141593 0.253826 6
14 300000000 3.141593 0.380674 6
14 400000000 3.141593 0.490616 6
14 500000000 3.141593 0.640970 6
14 600000000 3.141593 0.765364 6
14 700000000 3.141593 0.900789 6
14 800000000 3.141593 1.028898 6
14 900000000 3.141593 1.158228 6
14 1000000000 3.141593 1.286920 6
15 100000000 3.141593 0.115142 6
15 200000000 3.141593 0.240592 6
15 300000000 3.141593 0.353796 6
15 400000000 3.141593 0.469341 6
15 500000000 3.141593 0.614554 6
15 600000000 3.141593 0.685642 6
15 700000000 3.141593 0.812362 6
15 800000000 3.141593 0.925796 6
15 900000000 3.141593 1.040275 6
15 1000000000 3.141593 1.142856 6
16 100000000 3.141593 0.118390 6
16 200000000 3.141593 0.239209 6
16 300000000 3.141593 0.360439 6
16 400000000 3.141593 0.467892 6
16 500000000 3.141593 0.573649 6
16 600000000 3.141593 0.674044 6
16 700000000 3.141593 0.783206 6
16 800000000 3.141593 0.868647 6
16 900000000 3.141593 1.009695 6
16 1000000000 3.141593 1.126226 6
17 100000000 3.141593 0.128972 6
17 200000000 3.141593 0.224214 6
17 300000000 3.141593 0.325062 6
17 400000000 3.141593 0.424997 6
17 500000000 3.141593 0.530705 6
17 600000000 3.141593 0.654131 6
17 700000000 3.141593 0.739774 6
17 800000000 3.141593 0.828552 6
17 900000000 3.141593 0.955665 6
17 1000000000 3.141593 1.032611 6
18 100000000 3.141593 0.129436 6
18 200000000 3.141593 0.205298 6
18 300000000 3.141593 0.308710 6
18 400000000 3.141593 0.484328 6
18 500000000 3.141593 0.519969 6
18 600000000 3.141593 0.597667 6
18 700000000 3.141593 0.705881 6
18 800000000 3.141593 0.834816 6
18 900000000 3.141593 0.887140 6
18 1000000000 3.141593 1.062086 6
19 100000000 3.141593 0.115998 6
19 200000000 3.141593 0.202155 6
19 300000000 3.141593 0.295207 6
19 400000000 3.141593 0.383684 6
19 500000000 3.141593 0.472997 6
19 600000000 3.141593 0.687386 6
19 700000000 3.141593 0.657202 6
19 800000000 3.141593 0.748603 6
19 900000000 3.141593 0.839260 6
19 1000000000 3.141593 0.925370 6
20 100000000 3.141593 0.119386 6
20 200000000 3.141593 0.205633 6
20 300000000 3.141593 0.282776 6
20 400000000 3.141593 0.368571 6
20 500000000 3.141593 0.472381 6
20 600000000 3.141593 0.561963 6
20 700000000 3.141593 0.622580 6
20 800000000 3.141593 0.750871 6
20 900000000 3.141593 0.968154 6
20 1000000000 3.141593 0.902159 6
21 100000000 3.141593 0.105038 6
21 200000000 3.141593 0.183219 6
21 300000000 3.141593 0.270463 6
21 400000000 3.141593 0.359886 6
21 500000000 3.141593 0.442647 6
21 600000000 3.141593 0.535342 6
21 700000000 3.141593 0.638250 6
21 800000000 3.141593 0.714406 6
21 900000000 3.141593 0.757795 6
21 1000000000 3.141593 0.866657 6
22 100000000 3.141593 0.101242 6
22 200000000 3.141593 0.217946 6
22 300000000 3.141593 0.253611 6
22 400000000 3.141593 0.337416 6
22 500000000 3.141593 0.474665 6
22 600000000 3.141593 0.492218 6
22 700000000 3.141593 0.591317 6
22 800000000 3.141593 0.647520 6
22 900000000 3.141593 0.725908 6
22 1000000000 3.141593 0.862881 6
23 100000000 3.141593 0.103203 6
23 200000000 3.141593 0.187521 6
23 300000000 3.141593 0.291226 6
23 400000000 3.141593 0.333747 6
23 500000000 3.141593 0.398818 6
23 600000000 3.141593 0.589211 6
23 700000000 3.141593 0.555382 6
23 800000000 3.141593 0.646599 6
23 900000000 3.141593 0.727205 6
23 1000000000 3.141593 0.806578 6
24 100000000 3.141593 0.096651 6
24 200000000 3.141593 0.169846 6
24 300000000 3.141593 0.250101 6
24 400000000 3.141593 0.326724 6
24 500000000 3.141593 0.382642 6
24 600000000 3.141593 0.464340 6
24 700000000 3.141593 0.625234 6
24 800000000 3.141593 0.609529 6
24 900000000 3.141593 0.826909 6
24 1000000000 3.141593 0.772243 6
25 100000000 3.141593 0.093997 6
25 200000000 3.141593 0.170149 6
25 300000000 3.141593 0.219896 6
25 400000000 3.141593 0.342374 6
25 500000000 3.141593 0.373884 6
25 600000000 3.141593 0.457016 6
25 700000000 3.141593 0.599993 6
25 800000000 3.141593 0.592110 6
25 900000000 3.141593 0.689696 6
25 1000000000 3.141593 0.732427 6
26 100000000 3.141593 0.101879 6
26 200000000 3.141593 0.152506 6
26 300000000 3.141593 0.226756 6
26 400000000 3.141593 0.336738 6
26 500000000 3.141593 0.369181 6
26 600000000 3.141593 0.447695 6
26 700000000 3.141593 0.495535 6
26 800000000 3.141593 0.597759 6
26 900000000 3.141593 0.642768 6
26 1000000000 3.141593 0.694999 6
27 100000000 3.141593 0.088804 6
27 200000000 3.141593 0.173448 6
27 300000000 3.141593 0.264136 6
27 400000000 3.141593 0.309663 6
27 500000000 3.141593 0.387707 6
27 600000000 3.141593 0.445962 6
27 700000000 3.141593 0.485417 6
27 800000000 3.141593 0.663424 6
27 900000000 3.141593 0.696485 6
27 1000000000 3.141593 0.672354 6
28 100000000 3.141593 0.085121 6
28 200000000 3.141593 0.155988 6
28 300000000 3.141593 0.203086 6
28 400000000 3.141593 0.308152 6
28 500000000 3.141593 0.332017 6
28 600000000 3.141593 0.395408 6
28 700000000 3.141593 0.452583 6
28 800000000 3.141593 0.531907 6
28 900000000 3.141593 0.670544 6
28 1000000000 3.141593 0.642804 6
29 100000000 3.141593 0.094891 6
29 200000000 3.141593 0.170081 6
29 300000000 3.141593 0.232920 6
29 400000000 3.141593 0.271728 6
29 500000000 3.141593 0.335233 6
29 600000000 3.141593 0.392698 6
29 700000000 3.141593 0.458517 6
29 800000000 3.141593 0.527385 6
29 900000000 3.141593 0.702933 6
29 1000000000 3.141593 0.660652 6
30 100000000 3.141593 0.107420 6
30 200000000 3.141593 0.146398 6
30 300000000 3.141593 0.216313 6
30 400000000 3.141593 0.281283 6
30 500000000 3.141593 0.339319 6
30 600000000 3.141593 0.388722 6
30 700000000 3.141593 0.440654 6
30 800000000 3.141593 0.593237 6
30 900000000 3.141593 0.567439 6
30 1000000000 3.141593 0.765996 6
31 100000000 3.141593 0.087083 6
31 200000000 3.141593 0.146056 6
31 300000000 3.141593 0.214979 6
31 400000000 3.141593 0.274185 6
31 500000000 3.141593 0.328423 6
31 600000000 3.141593 0.475243 6
31 700000000 3.141593 0.434649 6
31 800000000 3.141593 0.536146 6
31 900000000 3.141593 0.559936 6
31 1000000000 3.141593 0.637958 6
32 100000000 3.141593 0.098839 6
32 200000000 3.141593 0.173429 6
32 300000000 3.141593 0.248147 6
32 400000000 3.141593 0.247508 6
32 500000000 3.141593 0.333472 6
32 600000000 3.141593 0.402167 6
32 700000000 3.141593 0.437071 6
32 800000000 3.141593 0.514512 6
32 900000000 3.141593 0.622667 6
32 1000000000 3.141593 0.632628 6
