1 100000000 3.141593 0.325643 4
1 200000000 3.141593 0.651462 4
1 300000000 3.141593 0.976783 4
1 400000000 3.141593 1.302600 4
1 500000000 3.141593 1.628092 4
1 600000000 3.141593 1.954524 4
1 700000000 3.141593 2.279842 4
1 800000000 3.141593 2.605998 4
1 900000000 3.141593 2.939436 4
1 1000000000 3.141593 3.256601 4
2 100000000 3.141593 0.163731 4
2 200000000 3.141593 0.326891 4
2 300000000 3.141593 0.497624 4
2 400000000 3.141593 0.652933 4
2 500000000 3.141593 0.815503 4
2 600000000 3.141593 0.977936 4
2 700000000 3.141593 1.141067 4
2 800000000 3.141593 1.304036 4
2 900000000 3.141593 1.482803 4
2 1000000000 3.141593 1.630177 4
3 100000000 3.141593 0.108733 4
3 200000000 3.141593 0.218897 4
3 300000000 3.141593 0.326002 4
3 400000000 3.141593 0.434573 4
3 500000000 3.141593 0.543098 4
3 600000000 3.141593 0.652985 4
3 700000000 3.141593 0.761217 4
3 800000000 3.141593 0.869549 4
3 900000000 3.141593 0.978211 4
3 1000000000 3.141593 1.085596 4
4 100000000 3.141593 0.081794 4
4 200000000 3.141593 0.180493 4
4 300000000 3.141593 0.245110 4
4 400000000 3.141593 0.326122 4
4 500000000 3.141593 0.407592 4
4 600000000 3.141593 0.488708 4
4 700000000 3.141593 0.571517 4
4 800000000 3.141593 0.651361 4
4 900000000 3.141593 0.734038 4
4 1000000000 3.141593 0.814821 4
5 100000000 3.141593 0.067183 4
5 200000000 3.141593 0.131037 4
5 300000000 3.141593 0.196349 4
5 400000000 3.141593 0.261270 4
5 500000000 3.141593 0.326043 4
5 600000000 3.141593 0.392332 4
5 700000000 3.141593 0.457446 4
5 800000000 3.141593 0.522447 4
5 900000000 3.141593 0.587635 4
5 1000000000 3.141593 0.651510 4
6 100000000 3.141593 0.054798 4
6 200000000 3.141593 0.108965 4
6 300000000 3.141593 0.163250 4
6 400000000 3.141593 0.217494 4
6 500000000 3.141593 0.296892 4
6 600000000 3.141593 0.326192 4
6 700000000 3.141593 0.380192 4
6 800000000 3.141593 0.434685 4
6 900000000 3.141593 0.488943 4
6 1000000000 3.141593 0.543554 4
7 100000000 3.141593 0.046909 4
7 200000000 3.141593 0.093639 4
7 300000000 3.141593 0.140215 4
7 400000000 3.141593 0.186655 4
7 500000000 3.141593 0.233227 4
7 600000000 3.141593 0.279535 4
7 700000000 3.141593 0.326189 4
7 800000000 3.141593 0.373079 4
7 900000000 3.141593 0.419221 4
7 1000000000 3.141593 0.466221 4
8 100000000 3.141593 0.041415 4
8 200000000 3.141593 0.093713 4
8 300000000 3.141593 0.122546 4
8 400000000 3.141593 0.163486 4
8 500000000 3.141593 0.204014 4
8 600000000 3.141593 0.244884 4
8 700000000 3.141593 0.285335 4
8 800000000 3.141593 0.338641 4
8 900000000 3.141593 0.366744 4
8 1000000000 3.141593 0.408728 4
9 100000000 3.141593 0.055630 4
9 200000000 3.141593 0.073171 4
9 300000000 3.141593 0.109541 4
9 400000000 3.141593 0.146518 4
9 500000000 3.141593 0.181329 4
9 600000000 3.141593 0.229971 4
9 700000000 3.141593 0.253829 4
9 800000000 3.141593 0.289997 4
9 900000000 3.141593 0.360731 4
9 1000000000 3.141593 0.381489 4
10 100000000 3.141593 0.033425 4
10 200000000 3.141593 0.076208 4
10 300000000 3.141593 0.098130 4
10 400000000 3.141593 0.130995 4
10 500000000 3.141593 0.164303 4
10 600000000 3.141593 0.196245 4
10 700000000 3.141593 0.230434 4
10 800000000 3.141593 0.261237 4
10 900000000 3.141593 0.294081 4
10 1000000000 3.141593 0.326949 4
11 100000000 3.141593 0.047133 4
11 200000000 3.141593 0.060434 4
11 300000000 3.141593 0.104583 4
11 400000000 3.141593 0.119850 4
11 500000000 3.141593 0.149407 4
11 600000000 3.141593 0.179064 4
11 700000000 3.141593 0.208583 4
11 800000000 3.141593 0.262696 4
11 900000000 3.141593 0.267911 4
11 1000000000 3.141593 0.313149 4
12 100000000 3.141593 0.050203 4
12 200000000 3.141593 0.067090 4
12 300000000 3.141593 0.083731 4
12 400000000 3.141593 0.110296 4
12 500000000 3.141593 0.161159 4
12 600000000 3.141593 0.164793 4
12 700000000 3.141593 0.203840 4
12 800000000 3.141593 0.219374 4
12 900000000 3.141593 0.245611 4
12 1000000000 3.141593 0.303806 4
13 100000000 3.141593 0.025917 4
13 200000000 3.141593 0.050483 4
13 300000000 3.141593 0.075631 4
13 400000000 3.141593 0.146461 4
13 500000000 3.141593 0.164074 4
13 600000000 3.141593 0.152710 4
13 700000000 3.141593 0.193816 4
13 800000000 3.141593 0.204259 4
13 900000000 3.141593 0.228512 4
13 1000000000 3.141593 0.303499 4
14 100000000 3.141593 0.029731 4
14 200000000 3.141593 0.049930 4
14 300000000 3.141593 0.103003 4
14 400000000 3.141593 0.118139 4
14 500000000 3.141593 0.117693 4
14 600000000 3.141593 0.176030 4
14 700000000 3.141593 0.198021 4
14 800000000 3.141593 0.238249 4
14 900000000 3.141593 0.246582 4
14 1000000000 3.141593 0.234391 4
15 100000000 3.141593 0.028024 4
15 200000000 3.141593 0.056731 4
15 300000000 3.141593 0.066345 4
15 400000000 3.141593 0.122889 4
15 500000000 3.141593 0.121013 4
15 600000000 3.141593 0.155496 4
15 700000000 3.141593 0.154600 4
15 800000000 3.141593 0.205687 4
15 900000000 3.141593 0.219405 4
15 1000000000 3.141593 0.232337 4
16 100000000 3.141593 0.045708 4
16 200000000 3.141593 0.051113 4
16 300000000 3.141593 0.094002 4
16 400000000 3.141593 0.110967 4
16 500000000 3.141593 0.141021 4
16 600000000 3.141593 0.123902 4
16 700000000 3.141593 0.194496 4
16 800000000 3.141593 0.188775 4
16 900000000 3.141593 0.224426 4
16 1000000000 3.141593 0.229525 4
17 100000000 3.141593 0.035154 4
17 200000000 3.141593 0.070864 4
17 300000000 3.141593 0.077747 4
17 400000000 3.141593 0.098527 4
17 500000000 3.141593 0.157874 4
17 600000000 3.141593 0.181798 4
17 700000000 3.141593 0.232558 4
17 800000000 3.141593 0.180734 4
17 900000000 3.141593 0.224168 4
17 1000000000 3.141593 0.225032 4
18 100000000 3.141593 0.036563 4
18 200000000 3.141593 0.060658 4
18 300000000 3.141593 0.093083 4
18 400000000 3.141593 0.119577 4
18 500000000 3.141593 0.118956 4
18 600000000 3.141593 0.134459 4
18 700000000 3.141593 0.148060 4
18 800000000 3.141593 0.176495 4
18 900000000 3.141593 0.194542 4
18 1000000000 3.141593 0.212762 4
19 100000000 3.141593 0.030383 4
19 200000000 3.141593 0.069084 4
19 300000000 3.141593 0.081702 4
19 400000000 3.141593 0.094528 4
19 500000000 3.141593 0.150218 4
19 600000000 3.141593 0.123513 4
19 700000000 3.141593 0.147790 4
19 800000000 3.141593 0.153784 4
19 900000000 3.141593 0.197071 4
19 1000000000 3.141593 0.192243 4
20 100000000 3.141592 0.037303 4
20 200000000 3.141593 0.058605 4
20 300000000 3.141593 0.074493 4
20 400000000 3.141593 0.110252 4
20 500000000 3.141593 0.107966 4
20 600000000 3.141593 0.123493 4
20 700000000 3.141593 0.140037 4
20 800000000 3.141593 0.164995 4
20 900000000 3.141593 0.172548 4
20 1000000000 3.141593 0.194208 4
21 100000000 3.141592 0.036624 4
21 200000000 3.141593 0.051246 4
21 300000000 3.141593 0.075422 4
21 400000000 3.141593 0.098512 4
21 500000000 3.141593 0.095478 4
21 600000000 3.141593 0.116590 4
21 700000000 3.141593 0.147599 4
21 800000000 3.141593 0.143894 4
21 900000000 3.141593 0.204426 4
21 1000000000 3.141593 0.175798 4
22 100000000 3.141592 0.036110 4
22 200000000 3.141593 0.045954 4
22 300000000 3.141593 0.063529 4
22 400000000 3.141593 0.080387 4
22 500000000 3.141593 0.113955 4
22 600000000 3.141593 0.143577 4
22 700000000 3.141593 0.130487 4
22 800000000 3.141593 0.144649 4
22 900000000 3.141593 0.173186 4
22 1000000000 3.141593 0.177735 4
23 100000000 3.141592 0.034908 4
23 200000000 3.141593 0.069658 4
23 300000000 3.141593 0.062558 4
23 400000000 3.141593 0.092516 4
23 500000000 3.141593 0.090971 4
23 600000000 3.141593 0.150031 4
23 700000000 3.141593 0.201077 4
23 800000000 3.141593 0.133617 4
23 900000000 3.141593 0.182476 4
23 1000000000 3.141593 0.182572 4
24 100000000 3.141592 0.033629 4
24 200000000 3.141593 0.052747 4
24 300000000 3.141593 0.061426 4
24 400000000 3.141593 0.086538 4
24 500000000 3.141593 0.101033 4
24 600000000 3.141593 0.102096 4
24 700000000 3.141593 0.140882 4
24 800000000 3.141593 0.140923 4
24 900000000 3.141593 0.170727 4
24 1000000000 3.141593 0.156887 4
25 100000000 3.141592 0.047936 4
25 200000000 3.141593 0.069561 4
25 300000000 3.141593 0.081224 4
25 400000000 3.141593 0.212588 4
25 500000000 3.141593 0.135400 4
25 600000000 3.141593 0.122590 4
25 700000000 3.141593 0.122437 4
25 800000000 3.141593 0.146621 4
25 900000000 3.141593 0.180047 4
25 1000000000 3.141593 0.186793 4
26 100000000 3.141592 0.031562 4
26 200000000 3.141593 0.050751 4
26 300000000 3.141593 0.064547 4
26 400000000 3.141593 0.080961 4
26 500000000 3.141593 0.112417 4
26 600000000 3.141593 0.100452 4
26 700000000 3.141593 0.112837 4
26 800000000 3.141593 0.141189 4
26 900000000 3.141593 0.134308 4
26 1000000000 3.141593 0.192912 4
27 100000000 3.141592 0.033463 4
27 200000000 3.141593 0.069172 4
27 300000000 3.141593 0.063375 4
27 400000000 3.141593 0.073953 4
27 500000000 3.141593 0.105044 4
27 600000000 3.141593 0.112698 4
27 700000000 3.141593 0.139852 4
27 800000000 3.141593 0.142373 4
27 900000000 3.141593 0.149132 4
27 1000000000 3.141593 0.174859 4
28 100000000 3.141592 0.045407 4
28 200000000 3.141593 0.058772 4
28 300000000 3.141593 0.065317 4
28 400000000 3.141593 0.094213 4
28 500000000 3.141593 0.083894 4
28 600000000 3.141593 0.115783 4
28 700000000 3.141593 0.115148 4
28 800000000 3.141593 0.113823 4
28 900000000 3.141593 0.149759 4
28 1000000000 3.141593 0.188374 4
29 100000000 3.141592 0.047669 4
29 200000000 3.141593 0.057569 4
29 300000000 3.141593 0.082014 4
29 400000000 3.141593 0.096918 4
29 500000000 3.141593 0.114856 4
29 600000000 3.141593 0.118549 4
29 700000000 3.141593 0.128542 4
29 800000000 3.141593 0.159302 4
29 900000000 3.141593 0.150682 4
29 1000000000 3.141593 0.172805 4
30 100000000 3.141592 0.046667 4
30 200000000 3.141593 0.048691 4
30 300000000 3.141593 0.079770 4
30 400000000 3.141593 0.081556 4
30 500000000 3.141593 0.092919 4
30 600000000 3.141593 0.092897 4
30 700000000 3.141593 0.133543 4
30 800000000 3.141593 0.143078 4
30 900000000 3.141593 0.141989 4
30 1000000000 3.141593 0.163956 4
31 100000000 3.141592 0.041635 4
31 200000000 3.141593 0.070492 4
31 300000000 3.141593 0.082376 4
31 400000000 3.141593 0.077884 4
31 500000000 3.141593 0.113186 4
31 600000000 3.141593 0.092803 4
31 700000000 3.141593 0.118935 4
31 800000000 3.141593 0.147006 4
31 900000000 3.141593 0.137296 4
31 1000000000 3.141593 0.161042 4
32 100000000 3.141592 0.050431 4
32 200000000 3.141593 0.063457 4
32 300000000 3.141593 0.089190 4
32 400000000 3.141593 0.076566 4
32 500000000 3.141593 0.099764 4
32 600000000 3.141593 0.105217 4
32 700000000 3.141593 0.135015 4
32 800000000 3.141593 0.138107 4
32 900000000 3.141593 0.153566 4
32 1000000000 3.141593 0.226342 4
