1 100000000 3.141593 0.324475 9
1 200000000 3.141593 0.649180 9
1 300000000 3.141593 0.972422 9
1 400000000 3.141593 1.297056 9
1 500000000 3.141593 1.619518 9
1 600000000 3.141593 1.944756 9
1 700000000 3.141593 2.268501 9
1 800000000 3.141593 2.591838 9
1 900000000 3.141593 2.915214 9
1 1000000000 3.141593 3.239262 9
2 100000000 3.141593 0.162887 9
2 200000000 3.141593 0.337229 9
2 300000000 3.141593 0.489119 9
2 400000000 3.141593 0.649451 9
2 500000000 3.141593 0.822678 9
2 600000000 3.141593 0.980235 9
2 700000000 3.141593 1.135155 9
2 800000000 3.141593 1.295908 9
2 900000000 3.141593 1.471632 9
2 1000000000 3.141593 1.633756 9
3 100000000 3.141593 0.108370 9
3 200000000 3.141593 0.217645 9
3 300000000 3.141593 0.325804 9
3 400000000 3.141593 0.433461 9
3 500000000 3.141593 0.540429 9
3 600000000 3.141593 0.649621 9
3 700000000 3.141593 0.757571 9
3 800000000 3.141593 0.865665 9
3 900000000 3.141593 0.973589 9
3 1000000000 3.141593 1.080454 9
4 100000000 3.141593 0.101826 9
4 200000000 3.141593 0.163935 9
4 300000000 3.141593 0.244001 9
4 400000000 3.141593 0.337162 9
4 500000000 3.141593 0.406234 9
4 600000000 3.141593 0.487417 9
4 700000000 3.141593 0.568829 9
4 800000000 3.141593 0.649586 9
4 900000000 3.141593 0.730050 9
4 1000000000 3.141593 0.810719 9
5 100000000 3.141593 0.066024 9
5 200000000 3.141593 0.136461 9
5 300000000 3.141593 0.195858 9
5 400000000 3.141593 0.260490 9
5 500000000 3.141593 0.325273 9
5 600000000 3.141593 0.390244 9
5 700000000 3.141593 0.462110 9
5 800000000 3.141593 0.532796 9
5 900000000 3.141593 0.584495 9
5 1000000000 3.141593 0.649300 9
6 100000000 3.141593 0.066917 9
6 200000000 3.141593 0.116544 9
6 300000000 3.141593 0.173881 9
6 400000000 3.141593 0.217506 9
6 500000000 3.141593 0.271368 9
6 600000000 3.141593 0.336981 9
6 700000000 3.141593 0.380281 9
6 800000000 3.141593 0.434551 9
6 900000000 3.141593 0.488134 9
6 1000000000 3.141593 0.542021 9
7 100000000 3.141593 0.047590 9
7 200000000 3.141593 0.094303 9
7 300000000 3.141593 0.140537 9
7 400000000 3.141593 0.186480 9
7 500000000 3.141593 0.238762 9
7 600000000 3.141593 0.279059 9
7 700000000 3.141593 0.325583 9
7 800000000 3.141593 0.371735 9
7 900000000 3.141593 0.417890 9
7 1000000000 3.141593 0.476552 9
8 100000000 3.141593 0.053328 9
8 200000000 3.141593 0.082846 9
8 300000000 3.141593 0.123105 9
8 400000000 3.141593 0.163412 9
8 500000000 3.141593 0.218283 9
8 600000000 3.141593 0.250743 9
8 700000000 3.141593 0.285134 9
8 800000000 3.141593 0.325556 9
8 900000000 3.141593 0.366262 9
8 1000000000 3.141593 0.407334 9
9 100000000 3.141593 0.037497 9
9 200000000 3.141593 0.073486 9
9 300000000 3.141593 0.109480 9
9 400000000 3.141593 0.145445 9
9 500000000 3.141593 0.181375 9
9 600000000 3.141593 0.217403 9
9 700000000 3.141593 0.263960 9
9 800000000 3.141593 0.289635 9
9 900000000 3.141593 0.336353 9
9 1000000000 3.141593 0.372736 9
10 100000000 3.141593 0.033689 9
10 200000000 3.141593 0.066201 9
10 300000000 3.141593 0.107384 9
10 400000000 3.141593 0.131173 9
10 500000000 3.141593 0.162937 9
10 600000000 3.141593 0.199524 9
10 700000000 3.141593 0.227388 9
10 800000000 3.141593 0.278676 9
10 900000000 3.141593 0.306134 9
10 1000000000 3.141593 0.325160 9
11 100000000 3.141593 0.029914 9
11 200000000 3.141593 0.079667 9
11 300000000 3.141593 0.088920 9
11 400000000 3.141593 0.118384 9
11 500000000 3.141593 0.148199 9
11 600000000 3.141593 0.176977 9
11 700000000 3.141593 0.206977 9
11 800000000 3.141593 0.236080 9
11 900000000 3.141593 0.265833 9
11 1000000000 3.141593 0.295065 9
12 100000000 3.141593 0.032281 9
12 200000000 3.141593 0.054902 9
12 300000000 3.141593 0.081674 9
12 400000000 3.141593 0.120549 9
12 500000000 3.141593 0.145232 9
12 600000000 3.141593 0.162647 9
12 700000000 3.141593 0.199635 9
12 800000000 3.141593 0.216837 9
12 900000000 3.141593 0.246878 9
12 1000000000 3.141593 0.270805 9
13 100000000 3.141593 0.030610 9
13 200000000 3.141593 0.062747 9
13 300000000 3.141593 0.096372 9
13 400000000 3.141593 0.108123 9
13 500000000 3.141593 0.129540 9
13 600000000 3.141593 0.175063 9
13 700000000 3.141593 0.187506 9
13 800000000 3.141593 0.200512 9
13 900000000 3.141593 0.243175 9
13 1000000000 3.141593 0.249803 9
14 100000000 3.141593 0.035402 9
14 200000000 3.141593 0.047581 9
14 300000000 3.141593 0.082357 9
14 400000000 3.141593 0.112863 9
14 500000000 3.141593 0.134852 9
14 600000000 3.141593 0.151187 9
14 700000000 3.141593 0.163367 9
14 800000000 3.141593 0.210839 9
14 900000000 3.141593 0.209726 9
14 1000000000 3.141593 0.243855 9
15 100000000 3.141593 0.035380 9
15 200000000 3.141593 0.055936 9
15 300000000 3.141593 0.066324 9
15 400000000 3.141593 0.090244 9
15 500000000 3.141593 0.140296 9
15 600000000 3.141593 0.155857 9
15 700000000 3.141593 0.177064 9
15 800000000 3.141593 0.173282 9
15 900000000 3.141593 0.219277 9
15 1000000000 3.141593 0.247318 9
16 100000000 3.141592 0.020721 9
16 200000000 3.141593 0.072219 9
16 300000000 3.141593 0.086749 9
16 400000000 3.141593 0.082122 9
16 500000000 3.141593 0.114662 9
16 600000000 3.141593 0.144073 9
16 700000000 3.141593 0.161845 9
16 800000000 3.141593 0.187814 9
16 900000000 3.141593 0.208032 9
16 1000000000 3.141593 0.203829 9
17 100000000 3.141592 0.047099 9
17 200000000 3.141593 0.061446 9
17 300000000 3.141593 0.087582 9
17 400000000 3.141593 0.096549 9
17 500000000 3.141593 0.111358 9
17 600000000 3.141593 0.130677 9
17 700000000 3.141593 0.153441 9
17 800000000 3.141593 0.176279 9
17 900000000 3.141593 0.203679 9
17 1000000000 3.141593 0.211701 9
18 100000000 3.141593 0.036271 9
18 200000000 3.141593 0.068890 9
18 300000000 3.141593 0.072268 9
18 400000000 3.141593 0.097661 9
18 500000000 3.141593 0.113912 9
18 600000000 3.141593 0.125186 9
18 700000000 3.141593 0.159516 9
18 800000000 3.141593 0.162850 9
18 900000000 3.141593 0.187518 9
18 1000000000 3.141593 0.197395 9
19 100000000 3.141593 0.043087 9
19 200000000 3.141593 0.068273 9
19 300000000 3.141593 0.069613 9
19 400000000 3.141593 0.085075 9
19 500000000 3.141593 0.099432 9
19 600000000 3.141593 0.119754 9
19 700000000 3.141593 0.151927 9
19 800000000 3.141593 0.169348 9
19 900000000 3.141593 0.185978 9
19 1000000000 3.141593 0.194978 9
20 100000000 3.141592 0.032995 9
20 200000000 3.141593 0.054076 9
20 300000000 3.141593 0.074588 9
20 400000000 3.141593 0.081666 9
20 500000000 3.141593 0.097452 9
20 600000000 3.141593 0.128932 9
20 700000000 3.141593 0.139507 9
20 800000000 3.141593 0.146124 9
20 900000000 3.141593 0.165596 9
20 1000000000 3.141593 0.186578 9
21 100000000 3.141592 0.026483 9
21 200000000 3.141593 0.056869 9
21 300000000 3.141593 0.063222 9
21 400000000 3.141593 0.078561 9
21 500000000 3.141593 0.103176 9
21 600000000 3.141593 0.114547 9
21 700000000 3.141593 0.141026 9
21 800000000 3.141593 0.139503 9
21 900000000 3.141593 0.171934 9
21 1000000000 3.141593 0.190605 9
22 100000000 3.141592 0.035046 9
22 200000000 3.141593 0.060144 9
22 300000000 3.141593 0.086992 9
22 400000000 3.141593 0.092423 9
22 500000000 3.141593 0.105312 9
22 600000000 3.141593 0.115375 9
22 700000000 3.141593 0.136286 9
22 800000000 3.141593 0.153445 9
22 900000000 3.141593 0.159246 9
22 1000000000 3.141593 0.196599 9
23 100000000 3.141592 0.040198 9
23 200000000 3.141593 0.055519 9
23 300000000 3.141593 0.080639 9
23 400000000 3.141593 0.116324 9
23 500000000 3.141593 0.109127 9
23 600000000 3.141593 0.118107 9
23 700000000 3.141593 0.166995 9
23 800000000 3.141593 0.138559 9
23 900000000 3.141593 0.181179 9
23 1000000000 3.141593 0.166997 9
24 100000000 3.141592 0.046541 9
24 200000000 3.141593 0.064281 9
24 300000000 3.141593 0.064109 9
24 400000000 3.141593 0.081898 9
24 500000000 3.141593 0.129862 9
24 600000000 3.141593 0.107804 9
24 700000000 3.141593 0.161121 9
24 800000000 3.141593 0.173208 9
24 900000000 3.141593 0.175480 9
24 1000000000 3.141593 0.167285 9
25 100000000 3.141592 0.040068 9
25 200000000 3.141593 0.054343 9
25 300000000 3.141593 0.091851 9
25 400000000 3.141593 0.109204 9
25 500000000 3.141593 0.114806 9
25 600000000 3.141593 0.107524 9
25 700000000 3.141593 0.139746 9
25 800000000 3.141593 0.128853 9
25 900000000 3.141593 0.172393 9
25 1000000000 3.141593 0.150403 9
26 100000000 3.141593 0.045882 9
26 200000000 3.141593 0.069157 9
26 300000000 3.141593 0.072903 9
26 400000000 3.141593 0.100469 9
26 500000000 3.141593 0.124434 9
26 600000000 3.141593 0.138235 9
26 700000000 3.141593 0.119638 9
26 800000000 3.141593 0.147492 9
26 900000000 3.141593 0.186457 9
26 1000000000 3.141593 0.194077 9
27 100000000 3.141593 0.050184 9
27 200000000 3.141593 0.048619 9
27 300000000 3.141593 0.095963 9
27 400000000 3.141593 0.095787 9
27 500000000 3.141593 0.113404 9
27 600000000 3.141593 0.129952 9
27 700000000 3.141593 0.133880 9
27 800000000 3.141593 0.165880 9
27 900000000 3.141593 0.164852 9
27 1000000000 3.141593 0.177642 9
28 100000000 3.141592 0.050102 9
28 200000000 3.141593 0.061693 9
28 300000000 3.141593 0.053340 9
28 400000000 3.141593 0.074483 9
28 500000000 3.141593 0.080890 9
28 600000000 3.141593 0.117883 9
28 700000000 3.141593 0.122924 9
28 800000000 3.141593 0.123915 9
28 900000000 3.141593 0.132052 9
28 1000000000 3.141593 0.147735 9
29 100000000 3.141593 0.039781 9
29 200000000 3.141593 0.062543 9
29 300000000 3.141593 0.083914 9
29 400000000 3.141593 0.071133 9
29 500000000 3.141593 0.098821 9
29 600000000 3.141593 0.096771 9
29 700000000 3.141593 0.126475 9
29 800000000 3.141593 0.131843 9
29 900000000 3.141593 0.149396 9
29 1000000000 3.141593 0.177194 9
30 100000000 3.141593 0.040600 9
30 200000000 3.141593 0.047005 9
30 300000000 3.141593 0.056018 9
30 400000000 3.141593 0.068489 9
30 500000000 3.141593 0.090912 9
30 600000000 3.141593 0.093472 9
30 700000000 3.141593 0.114992 9
30 800000000 3.141593 0.125252 9
30 900000000 3.141593 0.137054 9
30 1000000000 3.141593 0.147701 9
31 100000000 3.141592 0.037822 9
31 200000000 3.141592 0.042660 9
31 300000000 3.141593 0.070486 9
31 400000000 3.141593 0.073027 9
31 500000000 3.141593 0.086330 9
31 600000000 3.141593 0.104619 9
31 700000000 3.141593 0.110457 9
31 800000000 3.141593 0.110312 9
31 900000000 3.141593 0.143972 9
31 1000000000 3.141593 0.150205 9
32 100000000 3.141592 0.036702 9
32 200000000 3.141592 0.050287 9
32 300000000 3.141593 0.071030 9
32 400000000 3.141593 0.072134 9
32 500000000 3.141593 0.094231 9
32 600000000 3.141593 0.107543 9
32 700000000 3.141593 0.099340 9
32 800000000 3.141593 0.109114 9
32 900000000 3.141593 0.139419 9
32 1000000000 3.141593 0.138459 9
