1 10000000 3.142128 0.409631 7
1 20000000 3.142116 0.819807 7
1 30000000 3.142122 1.228751 7
1 40000000 3.142132 1.665092 7
1 50000000 3.142127 2.046736 7
1 60000000 3.142125 2.454862 7
1 70000000 3.142131 2.865030 7
1 80000000 3.142127 3.273892 7
1 90000000 3.142128 3.683659 7
1 100000000 3.142134 4.091699 7
2 10000000 3.142129 0.205423 7
2 20000000 3.142124 0.417847 7
2 30000000 3.142127 0.640768 7
2 40000000 3.142130 0.820143 7
2 50000000 3.142129 1.023274 7
2 60000000 3.142130 1.228339 7
2 70000000 3.142137 1.432178 7
2 80000000 3.142129 1.637279 7
2 90000000 3.142124 1.841261 7
2 100000000 3.142125 2.049024 7
3 10000000 3.142136 0.136948 7
3 20000000 3.142124 0.273034 7
3 30000000 3.142132 0.409680 7
3 40000000 3.142131 0.546270 7
3 50000000 3.142132 0.682945 7
3 60000000 3.142131 0.819444 7
3 70000000 3.142130 0.955967 7
3 80000000 3.142131 1.091929 7
3 90000000 3.142135 1.228294 7
3 100000000 3.142133 1.364349 7
4 10000000 3.142122 0.102932 7
4 20000000 3.142124 0.204831 7
4 30000000 3.142128 0.307180 7
4 40000000 3.142126 0.409588 7
4 50000000 3.142134 0.511972 7
4 60000000 3.142130 0.614111 7
4 70000000 3.142132 0.716228 7
4 80000000 3.142131 0.818700 7
4 90000000 3.142130 0.920765 7
4 100000000 3.142132 1.022958 7
5 10000000 3.142123 0.082729 7
5 20000000 3.142139 0.164095 7
5 30000000 3.142121 0.252420 7
5 40000000 3.142121 0.328100 7
5 50000000 3.142126 0.409864 7
5 60000000 3.142130 0.499492 7
5 70000000 3.142131 0.573451 7
5 80000000 3.142132 0.655987 7
5 90000000 3.142129 0.738443 7
5 100000000 3.142127 0.819894 7
6 10000000 3.142126 0.068572 7
6 20000000 3.142128 0.137510 7
6 30000000 3.142136 0.205026 7
6 40000000 3.142131 0.280491 7
6 50000000 3.142132 0.350402 7
6 60000000 3.142130 0.410295 7
6 70000000 3.142130 0.502592 7
6 80000000 3.142130 0.545997 7
6 90000000 3.142132 0.614434 7
6 100000000 3.142129 0.682965 7
7 10000000 3.142137 0.058883 7
7 20000000 3.142125 0.117369 7
7 30000000 3.142132 0.175837 7
7 40000000 3.142126 0.240065 7
7 50000000 3.142130 0.292890 7
7 60000000 3.142127 0.351581 7
7 70000000 3.142136 0.409865 7
7 80000000 3.142128 0.467963 7
7 90000000 3.142133 0.552006 7
7 100000000 3.142127 0.586227 7
8 10000000 3.142118 0.068043 7
8 20000000 3.142116 0.103682 7
8 30000000 3.142131 0.154839 7
8 40000000 3.142130 0.217655 7
8 50000000 3.142129 0.274263 7
8 60000000 3.142134 0.308291 7
8 70000000 3.142129 0.371180 7
8 80000000 3.142127 0.410647 7
8 90000000 3.142134 0.462444 7
8 100000000 3.142126 0.514545 7
9 10000000 3.142137 0.084806 7
9 20000000 3.142126 0.116031 7
9 30000000 3.142134 0.137372 7
9 40000000 3.142130 0.225338 7
9 50000000 3.142134 0.243160 7
9 60000000 3.142134 0.283907 7
9 70000000 3.142132 0.319645 7
9 80000000 3.142124 0.365224 7
9 90000000 3.142133 0.420260 7
9 100000000 3.142136 0.562556 7
10 10000000 3.142131 0.066878 7
10 20000000 3.142125 0.114187 7
10 30000000 3.142131 0.123824 7
10 40000000 3.142127 0.165228 7
10 50000000 3.142129 0.274635 7
10 60000000 3.142129 0.247563 7
10 70000000 3.142130 0.307277 7
10 80000000 3.142136 0.335395 7
10 90000000 3.142129 0.394100 7
10 100000000 3.142128 0.506271 7
11 10000000 3.142128 0.077367 7
11 20000000 3.142147 0.075072 7
11 30000000 3.142128 0.138114 7
11 40000000 3.142128 0.174191 7
11 50000000 3.142127 0.191190 7
11 60000000 3.142129 0.224893 7
11 70000000 3.142129 0.262823 7
11 80000000 3.142128 0.322996 7
11 90000000 3.142127 0.344196 7
11 100000000 3.142126 0.485321 7
12 10000000 3.142136 0.035305 7
12 20000000 3.142132 0.076520 7
12 30000000 3.142131 0.120457 7
12 40000000 3.142127 0.137905 7
12 50000000 3.142126 0.197808 7
12 60000000 3.142129 0.309727 7
12 70000000 3.142128 0.314740 7
12 80000000 3.142134 0.285303 7
12 90000000 3.142130 0.399740 7
12 100000000 3.142133 0.369001 7
13 10000000 3.142131 0.045848 7
13 20000000 3.142128 0.075485 7
13 30000000 3.142131 0.125482 7
13 40000000 3.142126 0.127090 7
13 50000000 3.142126 0.160822 7
13 60000000 3.142125 0.198200 7
13 70000000 3.142130 0.227818 7
13 80000000 3.142134 0.252693 7
13 90000000 3.142131 0.317518 7
13 100000000 3.142130 0.349165 7
14 10000000 3.142128 0.055188 7
14 20000000 3.142122 0.076071 7
14 30000000 3.142138 0.116468 7
14 40000000 3.142126 0.136397 7
14 50000000 3.142133 0.147928 7
14 60000000 3.142130 0.180134 7
14 70000000 3.142131 0.210367 7
14 80000000 3.142131 0.235499 7
14 90000000 3.142127 0.342610 7
14 100000000 3.142128 0.361767 7
15 10000000 3.142143 0.053119 7
15 20000000 3.142127 0.080145 7
15 30000000 3.142130 0.103233 7
15 40000000 3.142131 0.127484 7
15 50000000 3.142125 0.139079 7
15 60000000 3.142135 0.170070 7
15 70000000 3.142135 0.211446 7
15 80000000 3.142128 0.223881 7
15 90000000 3.142128 0.246053 7
15 100000000 3.142128 0.274160 7
16 10000000 3.142123 0.031050 7
16 20000000 3.142135 0.062849 7
16 30000000 3.142118 0.090644 7
16 40000000 3.142130 0.123830 7
16 50000000 3.142132 0.141682 7
16 60000000 3.142126 0.203843 7
16 70000000 3.142128 0.270348 7
16 80000000 3.142126 0.230422 7
16 90000000 3.142130 0.249243 7
16 100000000 3.142136 0.282078 7
17 10000000 3.142133 0.041641 7
17 20000000 3.142122 0.087226 7
17 30000000 3.142118 0.097528 7
17 40000000 3.142127 0.115944 7
17 50000000 3.142125 0.128850 7
17 60000000 3.142127 0.170245 7
17 70000000 3.142126 0.188157 7
17 80000000 3.142131 0.261935 7
17 90000000 3.142132 0.237962 7
17 100000000 3.142133 0.249276 7
18 10000000 3.142116 0.045793 7
18 20000000 3.142126 0.063639 7
18 30000000 3.142135 0.102561 7
18 40000000 3.142138 0.108172 7
18 50000000 3.142126 0.139128 7
18 60000000 3.142124 0.194711 7
18 70000000 3.142128 0.192971 7
18 80000000 3.142124 0.202513 7
18 90000000 3.142125 0.220160 7
18 100000000 3.142125 0.244468 7
19 10000000 3.142130 0.041159 7
19 20000000 3.142138 0.062632 7
19 30000000 3.142125 0.082572 7
19 40000000 3.142121 0.104469 7
19 50000000 3.142135 0.130485 7
19 60000000 3.142132 0.153763 7
19 70000000 3.142130 0.177511 7
19 80000000 3.142131 0.198618 7
19 90000000 3.142132 0.228131 7
19 100000000 3.142129 0.240473 7
20 10000000 3.142131 0.036458 7
20 20000000 3.142117 0.063104 7
20 30000000 3.142124 0.092657 7
20 40000000 3.142130 0.120838 7
20 50000000 3.142127 0.141945 7
20 60000000 3.142124 0.196831 7
20 70000000 3.142121 0.157540 7
20 80000000 3.142131 0.202429 7
20 90000000 3.142134 0.220507 7
20 100000000 3.142129 0.271366 7
21 10000000 3.142127 0.052325 7
21 20000000 3.142125 0.061825 7
21 30000000 3.142125 0.092812 7
21 40000000 3.142128 0.112199 7
21 50000000 3.142123 0.133094 7
21 60000000 3.142130 0.147632 7
21 70000000 3.142129 0.165509 7
21 80000000 3.142131 0.207025 7
21 90000000 3.142126 0.209530 7
21 100000000 3.142124 0.241490 7
22 10000000 3.142145 0.053857 7
22 20000000 3.142133 0.072100 7
22 30000000 3.142128 0.108635 7
22 40000000 3.142124 0.119082 7
22 50000000 3.142126 0.134014 7
22 60000000 3.142133 0.135510 7
22 70000000 3.142129 0.171569 7
22 80000000 3.142130 0.182583 7
22 90000000 3.142129 0.204750 7
22 100000000 3.142130 0.231772 7
23 10000000 3.142130 0.055470 7
23 20000000 3.142136 0.076944 7
23 30000000 3.142125 0.088679 7
23 40000000 3.142126 0.115542 7
23 50000000 3.142131 0.126175 7
23 60000000 3.142125 0.144123 7
23 70000000 3.142131 0.191284 7
23 80000000 3.142133 0.185560 7
23 90000000 3.142126 0.210110 7
23 100000000 3.142132 0.230549 7
24 10000000 3.142130 0.067722 7
24 20000000 3.142127 0.079211 7
24 30000000 3.142135 0.103705 7
24 40000000 3.142128 0.114374 7
24 50000000 3.142121 0.113952 7
24 60000000 3.142131 0.149849 7
24 70000000 3.142127 0.161268 7
24 80000000 3.142132 0.171978 7
24 90000000 3.142130 0.204910 7
24 100000000 3.142130 0.212669 7
25 10000000 3.142115 0.057568 7
25 20000000 3.142130 0.077545 7
25 30000000 3.142136 0.106518 7
25 40000000 3.142134 0.109652 7
25 50000000 3.142131 0.123245 7
25 60000000 3.142124 0.137252 7
25 70000000 3.142130 0.165298 7
25 80000000 3.142134 0.185020 7
25 90000000 3.142125 0.186014 7
25 100000000 3.142128 0.211805 7
26 10000000 3.142136 0.055312 7
26 20000000 3.142130 0.102147 7
26 30000000 3.142130 0.090708 7
26 40000000 3.142127 0.114196 7
26 50000000 3.142124 0.145970 7
26 60000000 3.142126 0.134270 7
26 70000000 3.142130 0.153742 7
26 80000000 3.142128 0.174981 7
26 90000000 3.142131 0.197207 7
26 100000000 3.142130 0.193074 7
27 10000000 3.142126 0.053525 7
27 20000000 3.142135 0.065788 7
27 30000000 3.142123 0.090693 7
27 40000000 3.142133 0.100250 7
27 50000000 3.142129 0.115953 7
27 60000000 3.142126 0.136066 7
27 70000000 3.142130 0.155083 7
27 80000000 3.142129 0.154658 7
27 90000000 3.142135 0.191172 7
27 100000000 3.142127 0.212728 7
28 10000000 3.142135 0.059262 7
28 20000000 3.142116 0.078620 7
28 30000000 3.142134 0.093803 7
28 40000000 3.142127 0.107070 7
28 50000000 3.142130 0.125870 7
28 60000000 3.142131 0.138471 7
28 70000000 3.142125 0.141266 7
28 80000000 3.142128 0.162824 7
28 90000000 3.142129 0.179457 7
28 100000000 3.142128 0.202831 7
29 10000000 3.142126 0.051271 7
29 20000000 3.142121 0.073656 7
29 30000000 3.142131 0.086437 7
29 40000000 3.142130 0.098702 7
29 50000000 3.142124 0.119510 7
29 60000000 3.142134 0.134234 7
29 70000000 3.142132 0.145190 7
29 80000000 3.142126 0.153482 7
29 90000000 3.142126 0.170922 7
29 100000000 3.142127 0.190503 7
30 10000000 3.142131 0.051663 7
30 20000000 3.142138 0.060069 7
30 30000000 3.142128 0.096840 7
30 40000000 3.142131 0.108802 7
30 50000000 3.142136 0.117790 7
30 60000000 3.142125 0.118475 7
30 70000000 3.142132 0.134978 7
30 80000000 3.142133 0.145562 7
30 90000000 3.142131 0.168896 7
30 100000000 3.142129 0.207731 7
31 10000000 3.142126 0.070669 7
31 20000000 3.142132 0.088934 7
31 30000000 3.142126 0.085524 7
31 40000000 3.142135 0.104241 7
31 50000000 3.142129 0.110615 7
31 60000000 3.142131 0.136363 7
31 70000000 3.142125 0.138140 7
31 80000000 3.142128 0.152052 7
31 90000000 3.142129 0.170748 7
31 100000000 3.142122 0.181134 7
32 10000000 3.142131 0.040613 7
32 20000000 3.142121 0.066896 7
32 30000000 3.142122 0.078801 7
32 40000000 3.142136 0.089966 7
32 50000000 3.142135 0.104731 7
32 60000000 3.142126 0.116539 7
32 70000000 3.142128 0.128696 7
32 80000000 3.142126 0.132766 7
32 90000000 3.142136 0.153743 7
32 100000000 3.142130 0.180996 7
