1 100000000 3.132060 3.982038 10
1 200000000 3.144700 7.959780 10
1 300000000 3.141420 11.946761 10
1 400000000 3.136760 15.921184 10
1 500000000 3.140988 26.000774 10
1 600000000 3.142923 23.886663 10
1 700000000 3.142154 27.864418 10
1 800000000 3.142840 31.847265 10
1 900000000 3.138458 35.829340 10
1 1000000000 3.138074 39.839165 10
2 100000000 3.149220 2.040969 10
2 200000000 3.142720 3.989469 10
2 300000000 3.134920 5.986490 10
2 400000000 3.132330 7.980184 10
2 500000000 3.140716 9.975775 10
2 600000000 3.141653 11.965653 10
2 700000000 3.132466 13.957791 10
2 800000000 3.143185 15.944341 10
2 900000000 3.139769 17.962921 10
2 1000000000 3.142898 19.915499 10
3 100000000 3.134340 1.329684 10
3 200000000 3.141200 2.658110 10
3 300000000 3.137173 3.986330 10
3 400000000 3.143335 5.316256 10
3 500000000 3.141588 6.641478 10
3 600000000 3.140467 8.094914 10
3 700000000 3.139826 9.299768 10
3 800000000 3.139195 10.668036 10
3 900000000 3.147247 11.986308 10
3 1000000000 3.134118 13.298951 10
4 100000000 3.134020 0.999858 10
4 200000000 3.141380 1.996967 10
4 300000000 3.137800 2.994988 10
4 400000000 3.140300 3.998178 10
4 500000000 3.141304 4.986581 10
4 600000000 3.138993 5.989877 10
4 700000000 3.143863 6.983142 10
4 800000000 3.140433 7.985746 10
4 900000000 3.139216 8.979533 10
4 1000000000 3.139142 9.983960 10
5 100000000 3.138580 0.799740 10
5 200000000 3.138220 1.596368 10
5 300000000 3.138700 2.397253 10
5 400000000 3.140285 3.193182 10
5 500000000 3.139700 3.990990 10
5 600000000 3.140890 4.802095 10
5 700000000 3.141211 5.590782 10
5 800000000 3.139490 6.397991 10
5 900000000 3.139671 7.194118 10
5 1000000000 3.139716 7.995247 10
6 100000000 3.142860 0.666902 10
6 200000000 3.143100 1.341279 10
6 300000000 3.140260 2.025378 10
6 400000000 3.133525 2.662056 10
6 500000000 3.139800 3.330707 10
6 600000000 3.138070 3.992076 10
6 700000000 3.143043 4.675384 10
6 800000000 3.140373 5.349954 10
6 900000000 3.139309 6.015418 10
6 1000000000 3.139950 6.657714 10
7 100000000 3.137200 0.577159 10
7 200000000 3.140030 1.141384 10
7 300000000 3.142993 2.304433 10
7 400000000 3.130895 2.282747 10
7 500000000 3.139412 2.908616 10
7 600000000 3.143763 3.429193 10
7 700000000 3.142714 3.995153 10
7 800000000 3.140810 4.570190 10
7 900000000 3.138749 5.138677 10
7 1000000000 3.140120 5.706575 10
8 100000000 3.118760 0.507792 10
8 200000000 3.143170 1.013467 10
8 300000000 3.139007 1.512630 10
8 400000000 3.137275 1.997355 10
8 500000000 3.139180 2.496849 10
8 600000000 3.142530 3.007184 10
8 700000000 3.143123 3.496804 10
8 800000000 3.137947 4.010032 10
8 900000000 3.141504 4.494001 10
8 1000000000 3.140274 4.992206 10
9 100000000 3.132080 0.613491 10
9 200000000 3.147740 0.888360 10
9 300000000 3.141287 1.333885 10
9 400000000 3.138925 1.806798 10
9 500000000 3.141916 2.218244 10
9 600000000 3.136500 3.468689 10
9 700000000 3.135511 3.104829 10
9 800000000 3.135083 3.549468 10
9 900000000 3.136149 3.994251 10
9 1000000000 3.140614 4.442405 10
10 100000000 3.142040 0.412922 10
10 200000000 3.142930 0.849859 10
10 300000000 3.137300 1.215985 10
10 400000000 3.138380 2.137662 10
10 500000000 3.141928 2.509639 10
10 600000000 3.135943 2.398541 10
10 700000000 3.140063 3.088440 10
10 800000000 3.150763 3.198693 10
10 900000000 3.140751 3.626448 10
10 1000000000 3.140028 3.997167 10
11 100000000 3.137640 0.364880 10
11 200000000 3.143410 0.727458 10
11 300000000 3.139773 1.419070 10
11 400000000 3.146975 1.579176 10
11 500000000 3.140136 1.819715 10
11 600000000 3.141477 2.194646 10
11 700000000 3.137554 2.543578 10
11 800000000 3.143560 2.906854 10
11 900000000 3.137682 3.271524 10
11 1000000000 3.135364 3.634130 10
12 100000000 3.137220 0.334235 10
12 200000000 3.142380 0.677551 10
12 300000000 3.135353 0.998756 10
12 400000000 3.143750 1.781856 10
12 500000000 3.136732 2.226860 10
12 600000000 3.140320 2.609753 10
12 700000000 3.134303 2.335559 10
12 800000000 3.138308 2.942150 10
12 900000000 3.139662 2.997617 10
12 1000000000 3.133874 4.182966 10
13 100000000 3.131200 0.308326 10
13 200000000 3.150320 0.837169 10
13 300000000 3.140480 1.017972 10
13 400000000 3.143855 1.230882 10
13 500000000 3.142332 1.535230 10
13 600000000 3.132367 1.870652 10
13 700000000 3.142617 2.174685 10
13 800000000 3.143065 2.460452 10
13 900000000 3.138380 2.763049 10
13 1000000000 3.138742 3.106519 10
14 100000000 3.133880 0.303966 10
14 200000000 3.133520 0.570865 10
14 300000000 3.140047 0.872874 10
14 400000000 3.141605 1.567282 10
14 500000000 3.145908 1.448082 10
14 600000000 3.132433 1.709709 10
14 700000000 3.137469 2.331802 10
14 800000000 3.143023 2.280374 10
14 900000000 3.138669 2.575496 10
14 1000000000 3.142234 3.144699 10
15 100000000 3.145960 0.278974 10
15 200000000 3.134700 0.541789 10
15 300000000 3.132707 0.882654 10
15 400000000 3.141155 1.390545 10
15 500000000 3.137412 1.661207 10
15 600000000 3.140883 1.783676 10
15 700000000 3.137683 2.178016 10
15 800000000 3.139260 2.152097 10
15 900000000 3.140264 2.403588 10
15 1000000000 3.136090 3.494267 10
16 100000000 3.138060 0.276625 10
16 200000000 3.144930 0.525070 10
16 300000000 3.141167 0.766710 10
16 400000000 3.143695 1.010638 10
16 500000000 3.137332 1.258906 10
16 600000000 3.140757 1.938057 10
16 700000000 3.140909 1.772882 10
16 800000000 3.135977 2.000412 10
16 900000000 3.139660 2.850314 10
16 1000000000 3.139048 2.529655 10
17 100000000 3.136661 0.253223 10
17 200000000 3.133410 0.628872 10
17 300000000 3.144107 0.728647 10
17 400000000 3.139205 0.963465 10
17 500000000 3.138900 1.219922 10
17 600000000 3.139600 1.870132 10
17 700000000 3.144860 2.155668 10
17 800000000 3.141433 2.108533 10
17 900000000 3.139807 2.660864 10
17 1000000000 3.141366 2.393891 10
18 100000000 3.140560 0.240423 10
18 200000000 3.133970 0.603365 10
18 300000000 3.141500 0.694716 10
18 400000000 3.138030 0.925069 10
18 500000000 3.142032 1.167543 10
18 600000000 3.131707 1.360513 10
18 700000000 3.141080 2.107087 10
18 800000000 3.134618 1.790068 10
18 900000000 3.142609 2.013202 10
18 1000000000 3.141872 2.234770 10
19 100000000 3.142681 0.229851 10
19 200000000 3.143500 0.438350 10
19 300000000 3.139153 0.668377 10
19 400000000 3.137530 1.095251 10
19 500000000 3.141620 1.067877 10
19 600000000 3.132857 1.395381 10
19 700000000 3.137203 1.485426 10
19 800000000 3.139918 1.697641 10
19 900000000 3.139476 1.936516 10
19 1000000000 3.138062 2.114826 10
20 100000000 3.140640 0.217855 10
20 200000000 3.144180 0.437958 10
20 300000000 3.137367 0.615010 10
20 400000000 3.136195 0.849274 10
20 500000000 3.135052 1.014425 10
20 600000000 3.138110 1.245553 10
20 700000000 3.135657 1.651535 10
20 800000000 3.140308 1.804191 10
20 900000000 3.137531 1.832758 10
20 1000000000 3.137388 2.039909 10
21 100000000 3.129141 0.209404 10
21 200000000 3.133920 0.402166 10
21 300000000 3.141000 0.653960 10
21 400000000 3.139635 0.957806 10
21 500000000 3.148100 1.111188 10
21 600000000 3.139170 1.319843 10
21 700000000 3.139846 1.345754 10
21 800000000 3.138683 1.546583 10
21 900000000 3.141193 1.749513 10
21 1000000000 3.135446 1.930616 10
22 100000000 3.146900 0.204518 10
22 200000000 3.132510 0.411669 10
22 300000000 3.138887 0.556495 10
22 400000000 3.138905 0.751250 10
22 500000000 3.137712 0.944235 10
22 600000000 3.140937 1.120185 10
22 700000000 3.143880 1.673839 10
22 800000000 3.141548 1.621134 10
22 900000000 3.141031 1.657628 10
22 1000000000 3.140918 2.429385 10
23 100000000 3.135920 0.203911 10
23 200000000 3.129140 0.441298 10
23 300000000 3.139107 0.555281 10
23 400000000 3.141415 0.714286 10
23 500000000 3.135708 1.193901 10
23 600000000 3.138320 1.078738 10
23 700000000 3.142306 1.592098 10
23 800000000 3.137345 1.641196 10
23 900000000 3.140296 1.745517 10
23 1000000000 3.137558 1.766396 10
24 100000000 3.121480 0.216493 10
24 200000000 3.136600 0.405700 10
24 300000000 3.141227 0.668261 10
24 400000000 3.145875 0.716757 10
24 500000000 3.133024 0.971634 10
24 600000000 3.134120 1.051027 10
24 700000000 3.140112 1.188737 10
24 800000000 3.138620 1.737246 10
24 900000000 3.139820 1.536636 10
24 1000000000 3.135632 1.679913 10
25 100000000 3.139180 0.207959 10
25 200000000 3.137840 0.445941 10
25 300000000 3.141247 0.616388 10
25 400000000 3.140265 0.655761 10
25 500000000 3.134108 0.853472 10
25 600000000 3.139407 0.987909 10
25 700000000 3.134809 1.457228 10
25 800000000 3.142850 1.623987 10
25 900000000 3.138204 1.679327 10
25 1000000000 3.134686 1.633560 10
26 100000000 3.148401 0.208000 10
26 200000000 3.145380 0.427008 10
26 300000000 3.144767 0.514247 10
26 400000000 3.139575 0.856298 10
26 500000000 3.135016 0.825552 10
26 600000000 3.141110 0.959044 10
26 700000000 3.143560 1.123035 10
26 800000000 3.140098 1.649810 10
26 900000000 3.138076 1.872272 10
26 1000000000 3.136062 1.587546 10
27 100000000 3.139341 0.185465 10
27 200000000 3.143860 0.347840 10
27 300000000 3.146933 0.590954 10
27 400000000 3.137450 0.631079 10
27 500000000 3.139060 0.779844 10
27 600000000 3.138493 1.046177 10
27 700000000 3.138492 1.320109 10
27 800000000 3.138743 1.482495 10
27 900000000 3.135962 1.370369 10
27 1000000000 3.141738 1.966598 10
28 100000000 3.138821 0.188300 10
28 200000000 3.143890 0.341133 10
28 300000000 3.139914 0.457196 10
28 400000000 3.140185 0.666526 10
28 500000000 3.139872 0.946679 10
28 600000000 3.141060 0.994096 10
28 700000000 3.142471 1.314203 10
28 800000000 3.136775 1.166753 10
28 900000000 3.140876 1.435851 10
28 1000000000 3.136372 1.696848 10
29 100000000 3.149581 0.177959 10
29 200000000 3.145780 0.307268 10
29 300000000 3.140420 0.446878 10
29 400000000 3.133285 0.590927 10
29 500000000 3.143524 0.847422 10
29 600000000 3.138987 1.046670 10
29 700000000 3.143520 1.011915 10
29 800000000 3.147530 1.127377 10
29 900000000 3.137169 1.278827 10
29 1000000000 3.143518 1.417300 10
30 100000000 3.139520 0.175938 10
30 200000000 3.143180 0.309104 10
30 300000000 3.135213 0.559623 10
30 400000000 3.135965 0.582604 10
30 500000000 3.139252 0.694347 10
30 600000000 3.140400 0.922908 10
30 700000000 3.142031 0.948553 10
30 800000000 3.136950 1.092847 10
30 900000000 3.137487 1.497154 10
30 1000000000 3.140246 1.368127 10
31 100000000 3.130480 0.204842 10
31 200000000 3.141770 0.299564 10
31 300000000 3.140540 0.425335 10
31 400000000 3.143260 0.690657 10
31 500000000 3.136272 0.812383 10
31 600000000 3.133630 0.828069 10
31 700000000 3.141943 0.971150 10
31 800000000 3.139238 1.081406 10
31 900000000 3.141113 1.207043 10
31 1000000000 3.135220 1.662393 10
32 100000000 3.136000 0.157711 10
32 200000000 3.146070 0.304414 10
32 300000000 3.140187 0.458871 10
32 400000000 3.143425 0.684919 10
32 500000000 3.140668 0.823300 10
32 600000000 3.137490 0.991710 10
32 700000000 3.138820 1.171866 10
32 800000000 3.138940 1.083724 10
32 900000000 3.137602 1.404552 10
32 1000000000 3.138626 1.700006 10
