1 100000000 3.141593 0.327514 5
1 200000000 3.141593 0.652776 5
1 300000000 3.141593 0.978428 5
1 400000000 3.141593 1.303241 5
1 500000000 3.141593 1.628495 5
1 600000000 3.141593 1.954766 5
1 700000000 3.141593 2.279031 5
1 800000000 3.141593 2.604922 5
1 900000000 3.141593 2.930074 5
1 1000000000 3.141593 3.255432 5
2 100000000 3.141593 0.163831 5
2 200000000 3.141593 0.326239 5
2 300000000 3.141593 0.496732 5
2 400000000 3.141593 0.651624 5
2 500000000 3.141593 0.814813 5
2 600000000 3.141593 0.976966 5
2 700000000 3.141593 1.141155 5
2 800000000 3.141593 1.302637 5
2 900000000 3.141593 1.465929 5
2 1000000000 3.141593 1.628241 5
3 100000000 3.141593 0.110058 5
3 200000000 3.141593 0.219436 5
3 300000000 3.141593 0.327385 5
3 400000000 3.141593 0.436170 5
3 500000000 3.141593 0.543644 5
3 600000000 3.141593 0.652649 5
3 700000000 3.141593 0.759946 5
3 800000000 3.141593 0.869698 5
3 900000000 3.141593 0.979152 5
3 1000000000 3.141593 1.086866 5
4 100000000 3.141593 0.082281 5
4 200000000 3.141593 0.165003 5
4 300000000 3.141593 0.245426 5
4 400000000 3.141593 0.327014 5
4 500000000 3.141593 0.407069 5
4 600000000 3.141593 0.490395 5
4 700000000 3.141593 0.571770 5
4 800000000 3.141593 0.652971 5
4 900000000 3.141593 0.732718 5
4 1000000000 3.141593 0.815121 5
5 100000000 3.141593 0.066829 5
5 200000000 3.141593 0.132546 5
5 300000000 3.141593 0.196574 5
5 400000000 3.141593 0.262593 5
5 500000000 3.141593 0.328233 5
5 600000000 3.141593 0.392781 5
5 700000000 3.141593 0.457401 5
5 800000000 3.141593 0.522423 5
5 900000000 3.141593 0.587486 5
5 1000000000 3.141593 0.652483 5
6 100000000 3.141593 0.055251 5
6 200000000 3.141593 0.110031 5
6 300000000 3.141593 0.164753 5
6 400000000 3.141593 0.219029 5
6 500000000 3.141593 0.272756 5
6 600000000 3.141593 0.327433 5
6 700000000 3.141593 0.381321 5
6 800000000 3.141593 0.435442 5
6 900000000 3.141593 0.490244 5
6 1000000000 3.141593 0.544245 5
7 100000000 3.141593 0.048435 5
7 200000000 3.141593 0.094593 5
7 300000000 3.141593 0.141616 5
7 400000000 3.141593 0.188046 5
7 500000000 3.141593 0.233324 5
7 600000000 3.141593 0.280600 5
7 700000000 3.141593 0.327462 5
7 800000000 3.141593 0.373584 5
7 900000000 3.141593 0.419922 5
7 1000000000 3.141593 0.467421 5
8 100000000 3.141593 0.042974 5
8 200000000 3.141593 0.082984 5
8 300000000 3.141593 0.123985 5
8 400000000 3.141593 0.164660 5
8 500000000 3.141593 0.206093 5
8 600000000 3.141593 0.246306 5
8 700000000 3.141593 0.286855 5
8 800000000 3.141593 0.327710 5
8 900000000 3.141593 0.368351 5
8 1000000000 3.141593 0.408746 5
9 100000000 3.141593 0.038195 5
9 200000000 3.141593 0.074063 5
9 300000000 3.141593 0.110097 5
9 400000000 3.141593 0.146361 5
9 500000000 3.141593 0.182425 5
9 600000000 3.141593 0.220642 5
9 700000000 3.141593 0.254737 5
9 800000000 3.141593 0.293590 5
9 900000000 3.141593 0.327642 5
9 1000000000 3.141593 0.363827 5
10 100000000 3.141593 0.041850 5
10 200000000 3.141593 0.066973 5
10 300000000 3.141593 0.103218 5
10 400000000 3.141593 0.132472 5
10 500000000 3.141593 0.165143 5
10 600000000 3.141593 0.198285 5
10 700000000 3.141593 0.229477 5
10 800000000 3.141593 0.262539 5
10 900000000 3.141593 0.295604 5
10 1000000000 3.141593 0.336124 5
11 100000000 3.141593 0.031073 5
11 200000000 3.141593 0.061637 5
11 300000000 3.141593 0.090578 5
11 400000000 3.141593 0.124603 5
11 500000000 3.141593 0.149966 5
11 600000000 3.141593 0.179684 5
11 700000000 3.141593 0.217357 5
11 800000000 3.141593 0.238155 5
11 900000000 3.141593 0.268783 5
11 1000000000 3.141593 0.308394 5
12 100000000 3.141593 0.036560 5
12 200000000 3.141593 0.056841 5
12 300000000 3.141593 0.083100 5
12 400000000 3.141593 0.120806 5
12 500000000 3.141593 0.137274 5
12 600000000 3.141593 0.174188 5
12 700000000 3.141593 0.197907 5
12 800000000 3.141593 0.224942 5
12 900000000 3.141593 0.251772 5
12 1000000000 3.141593 0.272984 5
13 100000000 3.141593 0.027963 5
13 200000000 3.141593 0.051139 5
13 300000000 3.141593 0.076641 5
13 400000000 3.141593 0.113094 5
13 500000000 3.141593 0.137522 5
13 600000000 3.141593 0.157527 5
13 700000000 3.141593 0.188744 5
13 800000000 3.141593 0.205300 5
13 900000000 3.141593 0.226758 5
13 1000000000 3.141593 0.252148 5
14 100000000 3.141593 0.024681 5
14 200000000 3.141593 0.056355 5
14 300000000 3.141593 0.077529 5
14 400000000 3.141593 0.095264 5
14 500000000 3.141593 0.128861 5
14 600000000 3.141593 0.149972 5
14 700000000 3.141593 0.195419 5
14 800000000 3.141593 0.187688 5
14 900000000 3.141593 0.212029 5
14 1000000000 3.141593 0.246154 5
15 100000000 3.141593 0.034759 5
15 200000000 3.141593 0.067460 5
15 300000000 3.141593 0.073226 5
15 400000000 3.141593 0.095693 5
15 500000000 3.141593 0.135062 5
15 600000000 3.141593 0.132250 5
15 700000000 3.141593 0.159900 5
15 800000000 3.141593 0.206349 5
15 900000000 3.141593 0.208359 5
15 1000000000 3.141593 0.230437 5
16 100000000 3.141593 0.032620 5
16 200000000 3.141593 0.059629 5
16 300000000 3.141593 0.086451 5
16 400000000 3.141593 0.083127 5
16 500000000 3.141593 0.114903 5
16 600000000 3.141593 0.135825 5
16 700000000 3.141593 0.161624 5
16 800000000 3.141593 0.168403 5
16 900000000 3.141593 0.215302 5
16 1000000000 3.141593 0.215925 5
17 100000000 3.141592 0.038561 5
17 200000000 3.141593 0.054295 5
17 300000000 3.141593 0.078568 5
17 400000000 3.141593 0.101933 5
17 500000000 3.141593 0.134615 5
17 600000000 3.141593 0.149499 5
17 700000000 3.141593 0.168360 5
17 800000000 3.141593 0.169662 5
17 900000000 3.141593 0.198555 5
17 1000000000 3.141593 0.223000 5
18 100000000 3.141592 0.033691 5
18 200000000 3.141593 0.052759 5
18 300000000 3.141593 0.083133 5
18 400000000 3.141593 0.088595 5
18 500000000 3.141593 0.123967 5
18 600000000 3.141593 0.134113 5
18 700000000 3.141593 0.150088 5
18 800000000 3.141593 0.172087 5
18 900000000 3.141593 0.182526 5
18 1000000000 3.141593 0.212272 5
19 100000000 3.141592 0.034611 5
19 200000000 3.141593 0.056742 5
19 300000000 3.141593 0.083522 5
19 400000000 3.141593 0.101803 5
19 500000000 3.141593 0.125273 5
19 600000000 3.141593 0.134413 5
19 700000000 3.141593 0.135608 5
19 800000000 3.141593 0.171000 5
19 900000000 3.141593 0.180376 5
19 1000000000 3.141593 0.189147 5
20 100000000 3.141592 0.032127 5
20 200000000 3.141593 0.058383 5
20 300000000 3.141593 0.063451 5
20 400000000 3.141593 0.090752 5
20 500000000 3.141593 0.147448 5
20 600000000 3.141593 0.117205 5
20 700000000 3.141593 0.139655 5
20 800000000 3.141593 0.161614 5
20 900000000 3.141593 0.180240 5
20 1000000000 3.141593 0.179378 5
21 100000000 3.141592 0.032464 5
21 200000000 3.141593 0.049710 5
21 300000000 3.141593 0.074313 5
21 400000000 3.141593 0.080001 5
21 500000000 3.141593 0.111217 5
21 600000000 3.141593 0.120436 5
21 700000000 3.141593 0.128002 5
21 800000000 3.141593 0.140713 5
21 900000000 3.141593 0.165055 5
21 1000000000 3.141593 0.172845 5
22 100000000 3.141592 0.046043 5
22 200000000 3.141593 0.046202 5
22 300000000 3.141593 0.086646 5
22 400000000 3.141593 0.078173 5
22 500000000 3.141593 0.099606 5
22 600000000 3.141593 0.155991 5
22 700000000 3.141593 0.124259 5
22 800000000 3.141593 0.137865 5
22 900000000 3.141593 0.159955 5
22 1000000000 3.141593 0.166496 5
23 100000000 3.141592 0.044474 5
23 200000000 3.141593 0.072842 5
23 300000000 3.141593 0.083215 5
23 400000000 3.141593 0.101958 5
23 500000000 3.141593 0.089876 5
23 600000000 3.141593 0.127159 5
23 700000000 3.141593 0.157062 5
23 800000000 3.141593 0.127139 5
23 900000000 3.141593 0.163407 5
23 1000000000 3.141593 0.220185 5
24 100000000 3.141592 0.040999 5
24 200000000 3.141593 0.065576 5
24 300000000 3.141593 0.095773 5
24 400000000 3.141593 0.106910 5
24 500000000 3.141593 0.116111 5
24 600000000 3.141593 0.148954 5
24 700000000 3.141593 0.121904 5
24 800000000 3.141593 0.141003 5
24 900000000 3.141593 0.148237 5
24 1000000000 3.141593 0.221353 5
25 100000000 3.141592 0.041166 5
25 200000000 3.141593 0.068144 5
25 300000000 3.141593 0.080039 5
25 400000000 3.141593 0.117528 5
25 500000000 3.141593 0.116580 5
25 600000000 3.141593 0.150107 5
25 700000000 3.141593 0.169256 5
25 800000000 3.141593 0.190366 5
25 900000000 3.141593 0.156753 5
25 1000000000 3.141593 0.228014 5
26 100000000 3.141592 0.040774 5
26 200000000 3.141593 0.066010 5
26 300000000 3.141593 0.075866 5
26 400000000 3.141593 0.103738 5
26 500000000 3.141593 0.113336 5
26 600000000 3.141593 0.129310 5
26 700000000 3.141593 0.112694 5
26 800000000 3.141593 0.162029 5
26 900000000 3.141593 0.172929 5
26 1000000000 3.141593 0.158085 5
27 100000000 3.141592 0.028587 5
27 200000000 3.141593 0.040570 5
27 300000000 3.141593 0.075201 5
27 400000000 3.141593 0.089284 5
27 500000000 3.141593 0.110106 5
27 600000000 3.141593 0.089400 5
27 700000000 3.141593 0.151069 5
27 800000000 3.141593 0.133115 5
27 900000000 3.141593 0.189418 5
27 1000000000 3.141593 0.203069 5
28 100000000 3.141592 0.041231 5
28 200000000 3.141593 0.064206 5
28 300000000 3.141593 0.074927 5
28 400000000 3.141593 0.089287 5
28 500000000 3.141593 0.109212 5
28 600000000 3.141593 0.152435 5
28 700000000 3.141593 0.125953 5
28 800000000 3.141593 0.168208 5
28 900000000 3.141593 0.206280 5
28 1000000000 3.141593 0.192259 5
29 100000000 3.141592 0.040428 5
29 200000000 3.141593 0.045323 5
29 300000000 3.141593 0.072938 5
29 400000000 3.141593 0.087514 5
29 500000000 3.141593 0.081757 5
29 600000000 3.141593 0.095051 5
29 700000000 3.141593 0.099297 5
29 800000000 3.141593 0.122516 5
29 900000000 3.141593 0.168822 5
29 1000000000 3.141593 0.133697 5
30 100000000 3.141592 0.037944 5
30 200000000 3.141593 0.059390 5
30 300000000 3.141593 0.073788 5
30 400000000 3.141593 0.085050 5
30 500000000 3.141593 0.107345 5
30 600000000 3.141593 0.108139 5
30 700000000 3.141593 0.131118 5
30 800000000 3.141593 0.118293 5
30 900000000 3.141593 0.164654 5
30 1000000000 3.141593 0.144128 5
31 100000000 3.141592 0.037337 5
31 200000000 3.141593 0.058010 5
31 300000000 3.141593 0.079725 5
31 400000000 3.141593 0.088942 5
31 500000000 3.141593 0.105698 5
31 600000000 3.141593 0.117442 5
31 700000000 3.141593 0.129982 5
31 800000000 3.141593 0.146986 5
31 900000000 3.141593 0.171005 5
31 1000000000 3.141593 0.194868 5
32 100000000 3.141592 0.029807 5
32 200000000 3.141593 0.058710 5
32 300000000 3.141593 0.079137 5
32 400000000 3.141593 0.073443 5
32 500000000 3.141593 0.113602 5
32 600000000 3.141593 0.114355 5
32 700000000 3.141593 0.127662 5
32 800000000 3.141593 0.165656 5
32 900000000 3.141593 0.138738 5
32 1000000000 3.141593 0.145008 5
