1 100000000 3.142818 4.927890 1
1 200000000 3.141145 9.852732 1
1 300000000 3.141368 14.786466 1
1 400000000 3.141410 19.743687 1
1 500000000 3.140501 24.666655 1
1 600000000 3.141709 29.639394 1
1 700000000 3.141858 34.493949 1
1 800000000 3.141734 39.425135 1
1 900000000 3.141527 43.990104 1
1 1000000000 3.141623 49.296589 1
2 100000000 3.141058 2.471505 1
2 200000000 3.141315 4.971045 1
2 300000000 3.141365 7.393398 1
2 400000000 3.141524 9.861043 1
2 500000000 3.141474 12.325583 1
2 600000000 3.141825 14.796389 1
2 700000000 3.140572 17.245950 1
2 800000000 3.141952 19.733695 1
2 900000000 3.141505 22.162184 1
2 1000000000 3.141234 24.752384 1
3 100000000 3.142710 1.684481 1
3 200000000 3.142057 3.286410 1
3 300000000 3.142861 4.929389 1
3 400000000 3.140314 6.574703 1
3 500000000 3.142180 8.274609 1
3 600000000 3.141446 10.111283 1
3 700000000 3.141745 11.495776 1
3 800000000 3.142040 13.330882 1
3 900000000 3.141733 14.813773 1
3 1000000000 3.140939 16.439632 1
4 100000000 3.141730 1.250371 1
4 200000000 3.142986 2.463668 1
4 300000000 3.141624 6.392243 1
4 400000000 3.142044 4.954229 1
4 500000000 3.141898 6.162608 1
4 600000000 3.141480 7.392740 1
4 700000000 3.141321 8.623261 1
4 800000000 3.142063 10.110163 1
4 900000000 3.141722 11.085536 1
4 1000000000 3.141662 12.315804 1
5 100000000 3.143388 0.988418 1
5 200000000 3.142125 2.020882 1
5 300000000 3.140393 2.963168 1
5 400000000 3.141084 3.943896 1
5 500000000 3.142185 4.932930 1
5 600000000 3.140945 5.939682 1
5 700000000 3.141450 6.899694 1
5 800000000 3.140774 7.887192 1
5 900000000 3.141290 9.011417 1
5 1000000000 3.141092 9.877589 1
6 100000000 3.140505 0.822637 1
6 200000000 3.141659 1.645081 1
6 300000000 3.142295 2.466889 1
6 400000000 3.141321 3.285712 1
6 500000000 3.141829 4.115922 1
6 600000000 3.142520 4.936712 1
6 700000000 3.141643 5.779462 1
6 800000000 3.141453 6.574864 1
6 900000000 3.142200 7.581757 1
6 1000000000 3.142003 8.215824 1
7 100000000 3.141330 0.706689 1
7 200000000 3.142321 1.907713 1
7 300000000 3.141022 2.121305 1
7 400000000 3.142236 2.822008 1
7 500000000 3.141742 3.528060 1
7 600000000 3.142855 4.232098 1
7 700000000 3.141682 8.529341 1
7 800000000 3.141262 6.446174 1
7 900000000 3.141526 6.379238 1
7 1000000000 3.140803 7.218330 1
8 100000000 3.141915 0.633799 1
8 200000000 3.142050 1.234548 1
8 300000000 3.141312 1.894835 1
8 400000000 3.141503 2.467590 1
8 500000000 3.142271 3.084617 1
8 600000000 3.142733 3.793762 1
8 700000000 3.141790 4.934255 1
8 800000000 3.141416 5.007806 1
8 900000000 3.141668 5.554551 1
8 1000000000 3.141326 6.164870 1
9 100000000 3.142706 0.548919 1
9 200000000 3.142144 1.123894 1
9 300000000 3.143163 1.702466 1
9 400000000 3.141742 2.203181 1
9 500000000 3.141350 2.778690 1
9 600000000 3.141772 3.371946 1
9 700000000 3.141447 3.845241 1
9 800000000 3.141425 4.388825 1
9 900000000 3.141389 5.906560 1
9 1000000000 3.141548 5.481266 1
10 100000000 3.142846 0.494521 1
10 200000000 3.141873 0.988600 1
10 300000000 3.141254 2.556660 1
10 400000000 3.141384 1.971554 1
10 500000000 3.141770 2.467387 1
10 600000000 3.141727 3.539234 1
10 700000000 3.141528 3.457771 1
10 800000000 3.141089 3.942739 1
10 900000000 3.141183 4.440972 1
10 1000000000 3.142150 4.963283 1
11 100000000 3.139934 0.500932 1
11 200000000 3.141719 0.908546 1
11 300000000 3.142741 1.369354 1
11 400000000 3.141967 1.830753 1
11 500000000 3.141691 2.246413 1
11 600000000 3.141465 2.702917 1
11 700000000 3.140752 3.214277 1
11 800000000 3.141985 3.662249 1
11 900000000 3.141522 4.078526 1
11 1000000000 3.141592 4.574237 1
12 100000000 3.139029 0.461475 1
12 200000000 3.141023 0.873854 1
12 300000000 3.140818 1.234961 1
12 400000000 3.140756 1.692642 1
12 500000000 3.141268 2.166987 1
12 600000000 3.142084 2.816177 1
12 700000000 3.141598 5.015328 1
12 800000000 3.142115 3.335304 1
12 900000000 3.142349 3.792156 1
12 1000000000 3.141917 4.213142 1
13 100000000 3.142373 0.380901 1
13 200000000 3.142213 0.894891 1
13 300000000 3.141083 1.188037 1
13 400000000 3.141444 1.561283 1
13 500000000 3.141237 2.228163 1
13 600000000 3.141501 2.362145 1
13 700000000 3.141421 2.704497 1
13 800000000 3.142206 5.245071 1
13 900000000 3.141136 3.462868 1
13 1000000000 3.141649 4.883759 1
14 100000000 3.140367 0.382801 1
14 200000000 3.142467 0.744479 1
14 300000000 3.140348 1.100266 1
14 400000000 3.142235 1.686606 1
14 500000000 3.142287 1.762339 1
14 600000000 3.141856 2.256057 1
14 700000000 3.141836 2.467364 1
14 800000000 3.142068 2.874760 1
14 900000000 3.141252 3.724598 1
14 1000000000 3.141458 4.213063 1
15 100000000 3.141309 0.372614 1
15 200000000 3.141630 0.787022 1
15 300000000 3.141735 1.132142 1
15 400000000 3.140789 1.352911 1
15 500000000 3.141664 1.680679 1
15 600000000 3.141372 3.409722 1
15 700000000 3.141759 2.351820 1
15 800000000 3.140903 2.672260 1
15 900000000 3.141912 3.047661 1
15 1000000000 3.141054 3.335052 1
16 100000000 3.142150 0.352226 1
16 200000000 3.140809 0.726192 1
16 300000000 3.141799 0.963475 1
16 400000000 3.142322 1.267556 1
16 500000000 3.141018 1.612797 1
16 600000000 3.142252 1.904291 1
16 700000000 3.141511 2.234671 1
16 800000000 3.141980 2.504396 1
16 900000000 3.141660 3.084469 1
16 1000000000 3.140706 3.121254 1
17 100000000 3.141551 0.381241 1
17 200000000 3.141325 1.089975 1
17 300000000 3.141741 1.002308 1
17 400000000 3.142991 1.196795 1
17 500000000 3.140936 1.774488 1
17 600000000 3.141042 2.064454 1
17 700000000 3.141720 3.560632 1
17 800000000 3.141817 4.010566 1
17 900000000 3.141904 2.893944 1
17 1000000000 3.141685 3.226002 1
18 100000000 3.143892 0.292665 1
18 200000000 3.142633 0.636615 1
18 300000000 3.141017 0.940676 1
18 400000000 3.140539 1.193773 1
18 500000000 3.141245 1.503814 1
18 600000000 3.141316 1.718313 1
18 700000000 3.141646 2.203703 1
18 800000000 3.141369 3.789144 1
18 900000000 3.141268 4.288253 1
18 1000000000 3.141489 2.899495 1
19 100000000 3.141983 0.301242 1
19 200000000 3.141375 0.570516 1
19 300000000 3.141315 0.831894 1
19 400000000 3.142073 1.244834 1
19 500000000 3.141842 1.388030 1
19 600000000 3.141172 1.696690 1
19 700000000 3.143078 1.971246 1
19 800000000 3.141093 2.244935 1
19 900000000 3.141403 2.486656 1
19 1000000000 3.140970 2.739616 1
20 100000000 3.140471 0.465261 1
20 200000000 3.139690 0.590037 1
20 300000000 3.141950 0.791853 1
20 400000000 3.141043 1.705840 1
20 500000000 3.141373 1.677952 1
20 600000000 3.142125 1.643332 1
20 700000000 3.141431 2.983211 1
20 800000000 3.141012 2.064017 1
20 900000000 3.141418 2.338002 1
20 1000000000 3.141518 2.715615 1
21 100000000 3.141712 0.358919 1
21 200000000 3.142534 0.577647 1
21 300000000 3.141963 1.268939 1
21 400000000 3.141548 1.027746 1
21 500000000 3.140772 1.286560 1
21 600000000 3.141290 1.686265 1
21 700000000 3.141004 1.775865 1
21 800000000 3.141451 2.111357 1
21 900000000 3.142016 3.415433 1
21 1000000000 3.141807 2.761275 1
22 100000000 3.139302 0.266624 1
22 200000000 3.142191 0.535488 1
22 300000000 3.140779 0.723272 1
22 400000000 3.142152 0.979828 1
22 500000000 3.140512 1.196063 1
22 600000000 3.141773 1.441841 1
22 700000000 3.140633 2.713548 1
22 800000000 3.141647 1.937983 1
22 900000000 3.142109 2.246596 1
22 1000000000 3.142436 2.555665 1
23 100000000 3.142194 0.487618 1
23 200000000 3.140771 0.594235 1
23 300000000 3.141960 0.747355 1
23 400000000 3.141684 0.919858 1
23 500000000 3.141628 1.202978 1
23 600000000 3.141676 1.557552 1
23 700000000 3.141296 2.191368 1
23 800000000 3.141381 2.963257 1
23 900000000 3.142071 2.265579 1
23 1000000000 3.141750 2.316788 1
24 100000000 3.142957 0.259817 1
24 200000000 3.140386 0.487851 1
24 300000000 3.141927 0.683264 1
24 400000000 3.141492 0.934062 1
24 500000000 3.141637 1.175746 1
24 600000000 3.142008 1.342622 1
24 700000000 3.141389 2.504080 1
24 800000000 3.142294 1.886411 1
24 900000000 3.142316 2.214376 1
24 1000000000 3.140698 2.253291 1
25 100000000 3.140451 0.432062 1
25 200000000 3.140623 0.506365 1
25 300000000 3.141315 0.684563 1
25 400000000 3.140500 1.363291 1
25 500000000 3.141983 1.137290 1
25 600000000 3.141699 1.364023 1
25 700000000 3.141933 1.522209 1
25 800000000 3.142143 1.743508 1
25 900000000 3.141211 1.923854 1
25 1000000000 3.142028 2.199450 1
26 100000000 3.142377 0.250561 1
26 200000000 3.141761 0.574526 1
26 300000000 3.140732 0.618130 1
26 400000000 3.142193 0.860861 1
26 500000000 3.141835 1.189562 1
26 600000000 3.141030 1.272628 1
26 700000000 3.141324 1.550060 1
26 800000000 3.141190 1.891017 1
26 900000000 3.140994 1.899439 1
26 1000000000 3.141341 2.100870 1
27 100000000 3.140283 0.237334 1
27 200000000 3.140511 0.434913 1
27 300000000 3.142320 0.659853 1
27 400000000 3.141871 1.011744 1
27 500000000 3.141605 1.026717 1
27 600000000 3.142389 1.435435 1
27 700000000 3.141088 1.546167 1
27 800000000 3.141844 1.887746 1
27 900000000 3.141218 1.873748 1
27 1000000000 3.141282 2.084653 1
28 100000000 3.142806 0.326920 1
28 200000000 3.142231 0.473845 1
28 300000000 3.141316 0.994509 1
28 400000000 3.141176 0.804839 1
28 500000000 3.140382 1.034694 1
28 600000000 3.141671 1.221829 1
28 700000000 3.141824 1.314162 1
28 800000000 3.141655 2.122611 1
28 900000000 3.141451 1.908534 1
28 1000000000 3.141461 1.982161 1
29 100000000 3.141578 0.220916 1
29 200000000 3.141176 0.490020 1
29 300000000 3.142700 0.796156 1
29 400000000 3.142352 0.790185 1
29 500000000 3.141739 0.962532 1
29 600000000 3.142527 1.763299 1
29 700000000 3.140959 1.398097 1
29 800000000 3.141008 1.522938 1
29 900000000 3.140707 1.666503 1
29 1000000000 3.141802 2.955072 1
30 100000000 3.141896 0.241592 1
30 200000000 3.141428 0.405979 1
30 300000000 3.139392 0.567176 1
30 400000000 3.140120 0.757748 1
30 500000000 3.141292 1.533626 1
30 600000000 3.142089 1.180203 1
30 700000000 3.140701 1.323786 1
30 800000000 3.141916 2.369530 1
30 900000000 3.141813 1.774431 1
30 1000000000 3.141516 1.834937 1
31 100000000 3.139354 0.198544 1
31 200000000 3.140785 0.351377 1
31 300000000 3.141205 0.789713 1
31 400000000 3.140714 1.069519 1
31 500000000 3.141553 0.885849 1
31 600000000 3.141476 1.210159 1
31 700000000 3.141488 1.324421 1
31 800000000 3.141327 2.198174 1
31 900000000 3.141596 1.585077 1
31 1000000000 3.142062 1.778340 1
32 100000000 3.140170 0.249854 1
32 200000000 3.141337 0.394473 1
32 300000000 3.141616 0.621111 1
32 400000000 3.141244 0.729668 1
32 500000000 3.143029 0.851666 1
32 600000000 3.141201 1.043649 1
32 700000000 3.141180 1.257202 1
32 800000000 3.140952 1.757290 1
32 900000000 3.141935 1.614095 1
32 1000000000 3.142062 2.276251 1
